11 0.175648 0.391635 0.106348 0.117187
11 0.416789 0.307221 0.099046 0.087532
11 0.235217 0.251894 0.068357 0.056691
11 0.669217 0.734766 0.143821 0.247573
11 0.933527 0.256211 0.085006 0.054118
11 0.584835 0.201781 0.068971 0.049946
11 0.763353 0.257020 0.089489 0.058876
11 0.500433 0.714074 0.132154 0.274575
11 0.698316 0.235402 0.086620 0.061885
11 0.376471 0.274404 0.089256 0.074683
11 0.547887 0.269727 0.092195 0.069104
11 0.251702 0.871674 0.179296 0.254229
11 0.042858 0.280300 0.085228 0.067426
11 0.476168 0.164652 0.025164 0.037981
11 0.538558 0.245659 0.092826 0.061151
11 0.912505 0.241563 0.085013 0.045035
11 0.422952 0.212717 0.062841 0.052668
11 0.426279 0.194081 0.053136 0.048112
11 0.508717 0.975773 0.165370 0.048454
9 0.804680 0.513933 0.036220 0.162967
10 0.966901 0.588445 0.042290 0.130241
10 0.980659 0.666238 0.038440 0.170335
10 0.934405 0.672847 0.058060 0.167499
10 0.924424 0.595676 0.043496 0.131061
9 0.626279 0.184204 0.009737 0.051575
10 0.160713 0.206819 0.015744 0.048460
11 0.352036 0.174838 0.028175 0.043506
11 0.364279 0.160605 0.022248 0.034861
11 0.375578 0.148281 0.023536 0.036859
11 0.383014 0.140954 0.020609 0.031974
11 0.392206 0.133848 0.019789 0.031530
11 0.427392 0.118638 0.014051 0.025091
11 0.424348 0.124079 0.014754 0.024869
11 0.421596 0.129852 0.014403 0.025757
11 0.417439 0.135958 0.015925 0.025979
11 0.412229 0.144618 0.017915 0.031308
11 0.402861 0.153166 0.021662 0.040412
11 0.393641 0.167038 0.025869 0.040148
11 0.430148 0.164760 0.025226 0.039433
11 0.436116 0.152722 0.020726 0.035971
11 0.440292 0.144235 0.022131 0.033751
11 0.485112 0.119217 0.012713 0.020881
11 0.436248 0.110795 0.012026 0.019370
10 0.589518 0.168952 0.010329 0.035316
10 0.594526 0.153223 0.007512 0.029974
10 0.583336 0.143281 0.007356 0.028490
10 0.601099 0.148475 0.008764 0.031755
11 0.398002 0.124744 0.014215 0.022037
11 0.403573 0.121813 0.012031 0.019131
11 0.408711 0.117639 0.013876 0.021483
11 0.414913 0.109833 0.012968 0.020744
11 0.452287 0.122274 0.014543 0.025202
11 0.448509 0.126431 0.015249 0.029212
11 0.445112 0.134043 0.016949 0.026312
11 0.347177 0.150255 0.023319 0.034722
11 0.364471 0.134675 0.018467 0.027303
11 0.480594 0.148475 0.020971 0.034722
11 0.474882 0.122359 0.017059 0.028193
11 0.492410 0.114643 0.014242 0.024038
7 0.513303 0.131410 0.018780 0.030864
