11 0.202143 0.494495 0.114540 0.161223
11 0.228973 0.330545 0.104246 0.113148
11 0.359076 0.334347 0.097331 0.097105
11 0.069141 0.273558 0.097688 0.070897
11 0.668983 0.734502 0.143327 0.245565
11 0.488800 0.258273 0.088611 0.065838
11 0.781791 0.244347 0.077728 0.057855
11 0.364767 0.227324 0.067222 0.056506
11 0.676820 0.249684 0.088028 0.061883
11 0.256322 0.253332 0.090707 0.064662
11 0.100704 0.460762 0.128015 0.151070
11 0.500095 0.714063 0.131650 0.273598
11 0.632662 0.207844 0.072523 0.048718
11 0.533706 0.185107 0.037593 0.045389
11 0.882656 0.263122 0.088473 0.058060
11 0.477058 0.178761 0.030173 0.041067
11 0.442665 0.202315 0.045756 0.048871
11 0.856139 0.224552 0.069722 0.052234
11 0.253186 0.872922 0.181837 0.254156
11 0.913150 0.245819 0.075106 0.053570
11 0.976411 0.257850 0.045854 0.052613
11 0.993612 0.272432 0.012777 0.052996
11 0.310911 0.182734 0.034108 0.044844
11 0.330006 0.164101 0.027180 0.036011
11 0.490177 0.158972 0.028703 0.034386
11 0.508717 0.975773 0.165370 0.048454
9 0.795729 0.505414 0.038944 0.161437
10 0.966275 0.588236 0.043453 0.130181
10 0.933999 0.672126 0.058625 0.170673
10 0.980335 0.668588 0.039145 0.175198
10 0.924684 0.597590 0.043641 0.127937
9 0.624689 0.183986 0.008982 0.050839
10 0.160713 0.206819 0.015744 0.048460
11 0.352036 0.174838 0.028175 0.043506
11 0.364279 0.160605 0.022248 0.034861
11 0.375578 0.148281 0.023536 0.036859
11 0.383014 0.140954 0.020609 0.031974
11 0.392206 0.133848 0.019789 0.031530
11 0.427392 0.118638 0.014051 0.025091
11 0.424348 0.124079 0.014754 0.024869
11 0.421596 0.129852 0.014403 0.025757
11 0.417439 0.135958 0.015925 0.025979
11 0.412229 0.144618 0.017915 0.031308
11 0.402861 0.153166 0.021662 0.040412
11 0.393641 0.167038 0.025869 0.040148
11 0.430148 0.164760 0.025226 0.039433
11 0.436116 0.152722 0.020726 0.035971
11 0.440292 0.144235 0.022131 0.033751
11 0.485011 0.118865 0.011736 0.020881
7 0.511853 0.121146 0.017263 0.030844
11 0.436248 0.110795 0.012026 0.019370
11 0.398002 0.124744 0.014215 0.022037
11 0.403573 0.121813 0.012031 0.019131
11 0.408711 0.117639 0.013876 0.021483
11 0.414913 0.109833 0.012968 0.020744
11 0.452287 0.122274 0.014543 0.025202
11 0.448509 0.126431 0.015249 0.029212
11 0.445112 0.134043 0.016949 0.026312
11 0.486601 0.141332 0.019325 0.028095
11 0.479000 0.133758 0.016233 0.027607
11 0.474169 0.121910 0.016104 0.028340
11 0.492141 0.115069 0.013399 0.022965
