11 0.382045 0.334655 0.102270 0.092146
11 0.206190 0.474635 0.115269 0.176196
11 0.669397 0.735544 0.143331 0.247112
11 0.714128 0.255628 0.085706 0.065237
11 0.511198 0.290707 0.099586 0.075815
11 0.255823 0.335967 0.091190 0.096091
11 0.608017 0.239159 0.084351 0.063361
11 0.500957 0.714397 0.132854 0.274164
11 0.165199 0.268287 0.098511 0.061134
11 0.908242 0.240716 0.078893 0.054061
11 0.508793 0.975959 0.165560 0.048083
11 0.271682 0.244726 0.089419 0.064311
11 0.393739 0.220011 0.073794 0.055749
11 0.587599 0.194639 0.063185 0.044841
11 0.458794 0.200415 0.047859 0.055411
11 0.253740 0.873206 0.180344 0.253125
11 0.386719 0.275203 0.092391 0.070039
11 0.180018 0.219147 0.074622 0.049532
11 0.279758 0.194906 0.045825 0.046039
11 0.482396 0.187587 0.027560 0.048222
11 0.530283 0.167002 0.026871 0.038414
11 0.992352 0.248961 0.014887 0.052576
9 0.648951 0.468464 0.031010 0.150973
10 0.966385 0.586346 0.041606 0.125997
10 0.934171 0.670108 0.058164 0.169007
10 0.980924 0.662762 0.037775 0.164545
10 0.926626 0.596909 0.046081 0.125888
11 0.352036 0.174838 0.028175 0.043506
11 0.364279 0.160605 0.022248 0.034861
11 0.375578 0.148281 0.023536 0.036859
11 0.383014 0.140954 0.020609 0.031974
11 0.392206 0.133848 0.019789 0.031530
11 0.427392 0.118638 0.014051 0.025091
11 0.424348 0.124079 0.014754 0.024869
11 0.421596 0.129852 0.014403 0.025757
11 0.417439 0.135958 0.015925 0.025979
11 0.412229 0.144618 0.017915 0.031308
11 0.402861 0.153166 0.021662 0.040412
11 0.393641 0.167038 0.025869 0.040148
11 0.430148 0.164760 0.025226 0.039433
11 0.436116 0.152722 0.020726 0.035971
11 0.440292 0.144235 0.022131 0.033751
11 0.481917 0.149740 0.020109 0.029777
11 0.515775 0.132730 0.016551 0.026980
11 0.436248 0.110795 0.012026 0.019370
11 0.398002 0.124744 0.014215 0.022037
11 0.403573 0.121813 0.012031 0.019131
11 0.408711 0.117639 0.013876 0.021483
11 0.414913 0.109833 0.012968 0.020744
11 0.452287 0.122274 0.014543 0.025202
11 0.448509 0.126431 0.015249 0.029212
11 0.445112 0.134043 0.016949 0.026312
11 0.364011 0.136466 0.017743 0.027993
11 0.481894 0.166075 0.019588 0.031761
11 0.519509 0.146560 0.020440 0.034722
11 0.489133 0.137678 0.018169 0.030416
11 0.478345 0.130679 0.016181 0.026647
11 0.474158 0.121932 0.015756 0.026916
7 0.510992 0.118971 0.015898 0.029608
11 0.485178 0.118083 0.012529 0.019540
11 0.492731 0.114753 0.013817 0.022649
11 0.419117 0.092160 0.010099 0.016154
11 0.439975 0.092160 0.011241 0.017486
