11 0.161946 0.390978 0.110015 0.133219
11 0.170422 0.566809 0.146199 0.196606
11 0.283974 0.193106 0.046134 0.046898
11 0.670137 0.735704 0.141385 0.249277
11 0.393686 0.219211 0.072762 0.062648
11 0.907912 0.242112 0.076427 0.051286
11 0.973968 0.256386 0.049895 0.051801
11 0.500541 0.714910 0.131660 0.274495
11 0.496390 0.215264 0.058428 0.050452
11 0.508944 0.975813 0.165939 0.048374
11 0.047099 0.247202 0.076420 0.056844
11 0.253231 0.872876 0.181299 0.254149
11 0.326677 0.357050 0.100464 0.114632
11 0.475234 0.196579 0.042908 0.051189
11 0.994185 0.275958 0.011429 0.046221
11 0.528018 0.165211 0.026694 0.039802
11 0.487167 0.168682 0.022001 0.040813
9 0.588902 0.458458 0.033018 0.154322
10 0.967364 0.585515 0.040835 0.126959
10 0.934720 0.669888 0.057685 0.166026
10 0.980995 0.663763 0.037448 0.164791
9 0.579399 0.173531 0.010140 0.051175
10 0.924758 0.593603 0.047125 0.129952
10 0.142519 0.219674 0.017309 0.051818
11 0.352036 0.174838 0.028175 0.043506
11 0.364279 0.160605 0.022248 0.034861
11 0.375578 0.148281 0.023536 0.036859
11 0.383014 0.140954 0.020609 0.031974
11 0.392206 0.133848 0.019789 0.031530
11 0.427392 0.118638 0.014051 0.025091
11 0.424348 0.124079 0.014754 0.024869
11 0.421596 0.129852 0.014403 0.025757
11 0.417439 0.135958 0.015925 0.025979
11 0.412229 0.144618 0.017915 0.031308
11 0.402861 0.153166 0.021662 0.040412
11 0.393641 0.167038 0.025869 0.040148
11 0.430148 0.164760 0.025226 0.039433
11 0.436116 0.152722 0.020726 0.035971
11 0.440292 0.144235 0.022131 0.033751
11 0.489532 0.134074 0.014828 0.026653
7 0.511008 0.118141 0.015904 0.028982
11 0.436248 0.110795 0.012026 0.019370
11 0.398002 0.124744 0.014215 0.022037
11 0.403573 0.121813 0.012031 0.019131
11 0.408711 0.117639 0.013876 0.021483
11 0.414913 0.109833 0.012968 0.020744
11 0.452287 0.122274 0.014543 0.025202
11 0.448509 0.126431 0.015249 0.029212
11 0.445112 0.134043 0.016949 0.026312
11 0.390767 0.112780 0.016181 0.021533
10 0.296091 0.143196 0.009652 0.030685
11 0.450460 0.093769 0.011007 0.019762
11 0.468083 0.176037 0.022833 0.041300
11 0.521770 0.144951 0.019672 0.032419
11 0.516794 0.134848 0.016744 0.029976
11 0.489862 0.155387 0.019789 0.035083
11 0.481783 0.142730 0.017681 0.029310
11 0.513925 0.127964 0.014988 0.027311
11 0.478328 0.130296 0.015456 0.026645
11 0.473996 0.122413 0.015925 0.027756
