11 0.284210 0.356459 0.068989 0.110539
11 0.091124 0.459075 0.113422 0.149603
11 0.259927 0.280063 0.048472 0.076140
11 0.669292 0.735383 0.141725 0.248907
11 0.908308 0.241580 0.076908 0.051810
11 0.974625 0.257205 0.048218 0.052240
11 0.335708 0.160001 0.025213 0.036914
11 0.498505 0.355412 0.063064 0.117932
11 0.295688 0.184292 0.039250 0.049266
11 0.422002 0.181943 0.029386 0.044041
11 0.289953 0.229933 0.050588 0.063321
7 0.502421 0.758631 0.145336 0.371317
11 0.251905 0.871714 0.178623 0.254041
11 0.393319 0.165863 0.025775 0.047805
11 0.994255 0.275843 0.011045 0.046248
11 0.491368 0.178846 0.036891 0.044665
11 0.470037 0.167575 0.022312 0.043303
11 0.510905 0.165780 0.028722 0.042556
11 0.534322 0.158824 0.022978 0.034386
10 0.692659 0.219006 0.015258 0.052354
9 0.589919 0.459242 0.033374 0.148642
10 0.731526 0.339482 0.024163 0.078801
10 0.974359 0.486861 0.037667 0.107990
10 0.888770 0.429097 0.029994 0.096797
10 0.789868 0.309956 0.022541 0.068021
10 0.708389 0.269738 0.018590 0.059623
9 0.799903 0.229917 0.012124 0.052516
10 0.829470 0.393160 0.028874 0.092118
10 0.619214 0.203826 0.014325 0.047270
10 0.660812 0.266923 0.018254 0.063454
10 0.625719 0.258505 0.019158 0.062521
10 0.787667 0.379246 0.027000 0.086818
10 0.823589 0.321037 0.021125 0.059391
10 0.888142 0.525097 0.043573 0.129857
10 0.733341 0.269574 0.017765 0.058685
10 0.745094 0.299499 0.020689 0.064321
10 0.821395 0.345147 0.022201 0.068172
9 0.571497 0.172710 0.009053 0.050604
10 0.747721 0.260747 0.018335 0.057266
10 0.662516 0.214435 0.015969 0.045621
10 0.641118 0.203897 0.014168 0.048954
10 0.629958 0.221828 0.014203 0.054728
10 0.649840 0.199012 0.011470 0.044432
10 0.203494 0.198600 0.012940 0.043188
11 0.453050 0.118649 0.015337 0.027896
11 0.448668 0.126810 0.016902 0.032348
11 0.444364 0.134675 0.017372 0.029677
11 0.440339 0.146313 0.021128 0.032348
11 0.431140 0.158882 0.023844 0.038864
11 0.424597 0.124139 0.014242 0.023445
11 0.420402 0.130611 0.015337 0.026116
11 0.408839 0.119273 0.013929 0.022555
11 0.416411 0.136337 0.016433 0.026413
11 0.409715 0.146998 0.019075 0.029259
11 0.397462 0.126809 0.018390 0.025244
11 0.380387 0.141970 0.024756 0.033318
10 0.285795 0.151158 0.008799 0.031410
11 0.363350 0.163918 0.027951 0.040571
11 0.520532 0.146414 0.019669 0.031082
11 0.515787 0.131364 0.016046 0.024539
11 0.512595 0.125474 0.014493 0.025193
11 0.487146 0.159011 0.019152 0.033373
11 0.490424 0.149522 0.017426 0.028138
11 0.482056 0.141834 0.018289 0.028465
11 0.489648 0.132509 0.015528 0.022903
11 0.478260 0.129237 0.015183 0.026175
11 0.473515 0.121057 0.014666 0.026175
