11 0.220664 0.319704 0.071652 0.097749
11 0.157374 0.223715 0.076583 0.059172
11 0.500411 0.250043 0.043226 0.074859
11 0.417424 0.198715 0.030597 0.046487
7 0.325803 0.282710 0.053034 0.091602
11 0.320104 0.207603 0.041863 0.061344
11 0.747744 0.956625 0.166687 0.085461
11 0.908292 0.242519 0.076927 0.051802
11 0.267263 0.199584 0.047888 0.047913
11 0.856395 0.231961 0.072759 0.050420
11 0.376104 0.191968 0.030389 0.046480
11 0.974660 0.256864 0.048051 0.053888
11 0.252157 0.871447 0.183918 0.257107
11 0.663009 0.712591 0.136698 0.241894
7 0.492395 0.358579 0.065894 0.149570
11 0.488719 0.176017 0.026869 0.044299
11 0.994847 0.273547 0.010307 0.051169
11 0.422210 0.174110 0.028722 0.044481
11 0.471546 0.165868 0.022920 0.044336
11 0.511250 0.166493 0.028722 0.042556
11 0.534208 0.160022 0.021025 0.034386
11 0.404019 0.156863 0.022978 0.039034
11 0.435135 0.157317 0.022021 0.039942
10 0.734076 0.271457 0.019862 0.062931
10 0.838964 0.357733 0.026313 0.073583
10 0.784340 0.306442 0.023226 0.071721
9 0.565092 0.457256 0.036497 0.147663
10 0.841250 0.413985 0.029002 0.092189
10 0.670244 0.226379 0.016679 0.056065
10 0.712217 0.230801 0.018397 0.056103
10 0.684832 0.227330 0.016592 0.055015
10 0.647884 0.223091 0.013764 0.050376
10 0.623331 0.217732 0.015479 0.054260
10 0.604362 0.209139 0.013404 0.052890
9 0.832761 0.253785 0.014923 0.058451
9 0.572300 0.172119 0.009661 0.048161
10 0.685590 0.209221 0.014692 0.053534
10 0.643028 0.212772 0.011955 0.040970
10 0.646556 0.198842 0.012099 0.042609
10 0.607955 0.180405 0.012099 0.043975
10 0.630280 0.183820 0.011235 0.040424
10 0.646567 0.182473 0.011837 0.038346
10 0.249410 0.185363 0.008899 0.038636
10 0.264281 0.165712 0.009836 0.035305
11 0.385414 0.139844 0.020491 0.034195
11 0.416151 0.139178 0.018501 0.029754
11 0.397709 0.130518 0.017447 0.027978
11 0.382955 0.119083 0.016744 0.025979
11 0.406960 0.119860 0.015808 0.023093
11 0.422240 0.129297 0.016862 0.025979
11 0.443551 0.135403 0.018501 0.028422
11 0.449172 0.125411 0.016627 0.029310
11 0.425636 0.120859 0.015691 0.025535
11 0.413107 0.111644 0.013583 0.022649
11 0.399290 0.107869 0.014988 0.021316
11 0.520072 0.145617 0.019320 0.031530
11 0.515271 0.130518 0.015573 0.024425
11 0.513398 0.125522 0.015105 0.023759
11 0.487052 0.155720 0.017213 0.028200
11 0.481373 0.139622 0.016627 0.025757
11 0.478036 0.129186 0.015339 0.024425
11 0.473352 0.121747 0.014871 0.027311
10 0.301479 0.155300 0.007043 0.030567
10 0.288803 0.147733 0.008921 0.030271
11 0.489488 0.132294 0.014336 0.022341
