11 0.319882 0.658665 0.135783 0.223524
11 0.395370 0.434409 0.072837 0.113151
7 0.704629 0.204336 0.079153 0.057097
11 0.407626 0.341777 0.055622 0.093198
11 0.333262 0.195683 0.033615 0.047258
11 0.561645 0.274623 0.048648 0.076840
11 0.524404 0.206238 0.033401 0.049569
11 0.378934 0.186069 0.031263 0.044683
11 0.490996 0.312972 0.052333 0.101299
0 0.183207 0.305482 0.166747 0.217432
11 0.831266 0.214982 0.071539 0.060236
11 0.490776 0.768635 0.125943 0.278362
7 0.116449 0.536843 0.168076 0.259362
11 0.588128 0.194935 0.064535 0.047828
11 0.929365 0.228968 0.077002 0.048894
11 0.596869 0.428275 0.075275 0.134828
11 0.907283 0.246616 0.078074 0.050960
11 0.483725 0.226285 0.034572 0.060666
11 0.473631 0.192239 0.027790 0.043873
11 0.975079 0.256826 0.049029 0.052364
11 0.522993 0.157485 0.022995 0.041898
11 0.994487 0.275954 0.011026 0.049524
11 0.377920 0.148729 0.024395 0.035330
9 0.757287 0.462035 0.024136 0.142613
11 0.421162 0.218959 0.035083 0.059761
11 0.414790 0.193627 0.028244 0.049020
11 0.424364 0.175926 0.026329 0.044481
11 0.454675 0.114531 0.015456 0.028422
11 0.452178 0.122164 0.014363 0.025146
11 0.448969 0.128096 0.014223 0.027049
11 0.440819 0.143337 0.018964 0.033413
11 0.438106 0.149026 0.020308 0.038793
11 0.432283 0.162334 0.022398 0.037660
11 0.444245 0.131461 0.015977 0.027183
11 0.417220 0.129509 0.019999 0.030259
11 0.418816 0.108731 0.015319 0.023804
11 0.514717 0.139292 0.017765 0.028847
11 0.476633 0.150186 0.020957 0.038126
7 0.486632 0.110849 0.016063 0.034092
11 0.513865 0.111858 0.013723 0.022795
11 0.438123 0.089833 0.010106 0.015864
