11 0.322175 0.651246 0.128961 0.222202
11 0.395490 0.320057 0.064670 0.088574
11 0.616507 0.195009 0.065312 0.049827
11 0.398098 0.411220 0.065372 0.108901
0 0.696766 0.712549 0.223542 0.445054
11 0.822999 0.224280 0.079271 0.056792
11 0.354770 0.169971 0.029435 0.044560
11 0.486575 0.721199 0.118424 0.247987
11 0.516625 0.181405 0.030231 0.044403
7 0.545482 0.173560 0.036739 0.046443
11 0.907480 0.242471 0.078354 0.052470
11 0.462730 0.242935 0.069045 0.064535
11 0.474392 0.174277 0.024341 0.040181
11 0.415865 0.199999 0.034027 0.052950
11 0.462931 0.924249 0.167107 0.151503
11 0.975169 0.259458 0.049255 0.047779
11 0.423390 0.175775 0.028332 0.040366
11 0.983151 0.233492 0.033698 0.041958
11 0.015535 0.898315 0.030692 0.201084
9 0.769996 0.464969 0.026889 0.149785
9 0.584827 0.173556 0.008802 0.045856
11 0.454675 0.114531 0.015456 0.028422
11 0.452178 0.122164 0.014363 0.025146
11 0.448969 0.128096 0.014223 0.027049
11 0.440819 0.143337 0.018964 0.033413
11 0.438106 0.149026 0.020308 0.038793
11 0.432283 0.162334 0.022398 0.037660
11 0.444245 0.131461 0.015977 0.027183
11 0.415332 0.119305 0.015222 0.027756
11 0.430554 0.110978 0.012646 0.021316
11 0.439336 0.095657 0.010538 0.016431
11 0.494839 0.151612 0.020843 0.033307
11 0.515798 0.137623 0.018267 0.031974
11 0.518491 0.121858 0.015925 0.022204
11 0.507192 0.113198 0.013232 0.022649
11 0.485705 0.121525 0.014754 0.027311
