11 0.221382 0.277829 0.074336 0.075204
11 0.525307 0.235672 0.072308 0.061419
0 0.697457 0.711290 0.221766 0.445915
11 0.782260 0.277864 0.100567 0.067562
11 0.355309 0.170555 0.029567 0.046360
11 0.486139 0.720490 0.118545 0.247257
7 0.603916 0.199344 0.067174 0.051028
7 0.828409 0.223444 0.084966 0.053647
11 0.422619 0.183906 0.026880 0.052325
11 0.463203 0.924511 0.166237 0.150978
11 0.496331 0.147216 0.024608 0.040636
11 0.908871 0.242872 0.076357 0.051923
11 0.974457 0.258016 0.049704 0.050997
11 0.398672 0.154557 0.025508 0.041463
11 0.994582 0.274684 0.010508 0.045533
11 0.431453 0.162090 0.027231 0.039103
9 0.913257 0.508832 0.036904 0.159014
9 0.579226 0.174110 0.010532 0.051743
11 0.410396 0.142920 0.018939 0.031760
11 0.428433 0.111282 0.012755 0.021743
11 0.440092 0.142431 0.019325 0.033226
11 0.447178 0.132048 0.014945 0.026630
11 0.450463 0.125330 0.015589 0.024919
11 0.453749 0.116779 0.017006 0.028340
11 0.495040 0.122398 0.015331 0.024431
11 0.511724 0.129605 0.017006 0.028584
11 0.518617 0.120077 0.014816 0.027118
11 0.485313 0.114336 0.013399 0.020522
