0 0.697497 0.711113 0.221898 0.445683
11 0.560097 0.260587 0.091865 0.069663
11 0.708267 0.252544 0.091051 0.059703
11 0.473759 0.187276 0.032318 0.045848
11 0.600257 0.237656 0.077355 0.058139
0 0.293998 0.292099 0.251700 0.240284
11 0.486282 0.719756 0.117983 0.246979
11 0.786118 0.239161 0.080117 0.061414
0 0.940296 0.207125 0.116821 0.108729
11 0.242345 0.851026 0.196156 0.297341
11 0.463224 0.924207 0.165674 0.151586
11 0.525591 0.166817 0.029733 0.041309
11 0.418314 0.210540 0.051860 0.051651
11 0.123776 0.265909 0.089755 0.063728
11 0.130383 0.222959 0.073012 0.054909
11 0.946975 0.257057 0.091236 0.058690
11 0.341204 0.157031 0.026619 0.035913
10 0.926030 0.606224 0.045180 0.147069
9 0.826823 0.511542 0.035352 0.162420
10 0.959427 0.682345 0.053152 0.188823
10 0.974643 0.604795 0.046374 0.146916
10 0.990295 0.680798 0.019410 0.171061
10 0.581561 0.187461 0.031116 0.053522
10 0.285457 0.181268 0.012878 0.043244
10 0.240868 0.183236 0.013706 0.041423
11 0.353884 0.169677 0.028913 0.042859
11 0.367320 0.155457 0.024183 0.041750
11 0.377921 0.141446 0.020866 0.034184
11 0.390015 0.165874 0.027621 0.044545
11 0.403329 0.152751 0.018311 0.033107
11 0.409007 0.143734 0.018878 0.031223
11 0.418162 0.134582 0.017601 0.028531
11 0.422349 0.125431 0.017459 0.028531
11 0.443144 0.136601 0.018736 0.034184
11 0.433846 0.147502 0.018311 0.038221
11 0.426425 0.165374 0.027322 0.037467
11 0.473911 0.123253 0.015847 0.024186
11 0.505153 0.130216 0.017521 0.032249
11 0.487439 0.105541 0.011982 0.020033
11 0.434037 0.096990 0.010564 0.017102
