11 0.332705 0.607148 0.122239 0.202110
11 0.478537 0.418429 0.067266 0.131354
11 0.194662 0.344386 0.080446 0.115279
11 0.389375 0.172881 0.026955 0.042186
11 0.484448 0.247628 0.037845 0.068906
0 0.941463 0.212214 0.117073 0.121968
11 0.346551 0.219676 0.039485 0.065377
11 0.975131 0.270631 0.049183 0.057183
11 0.417630 0.182537 0.028542 0.045143
11 0.067179 0.240862 0.083176 0.054942
11 0.753021 0.948578 0.196231 0.102844
0 0.574644 0.307861 0.074433 0.145220
11 0.625819 0.551737 0.095983 0.160237
11 0.327920 0.195714 0.039117 0.059778
7 0.376820 0.145202 0.020863 0.039562
10 0.702000 0.304748 0.021950 0.072146
10 0.942101 0.627475 0.045920 0.142708
10 0.748943 0.324555 0.026874 0.077485
10 0.816501 0.352145 0.026109 0.071625
10 0.786170 0.299523 0.019647 0.070689
10 0.840790 0.390438 0.028650 0.092564
10 0.893178 0.540070 0.047814 0.125361
9 0.828599 0.507551 0.035268 0.158972
9 0.573793 0.173574 0.008685 0.052030
10 0.884711 0.394712 0.031466 0.092200
10 0.782546 0.440860 0.032813 0.121003
10 0.736333 0.287300 0.020045 0.065156
10 0.962646 0.459814 0.038897 0.107365
10 0.959541 0.531798 0.040142 0.114143
10 0.682150 0.255830 0.022439 0.062360
10 0.983832 0.614810 0.032219 0.148014
10 0.673934 0.270925 0.019764 0.070347
10 0.892959 0.460193 0.033497 0.090730
10 0.813791 0.308315 0.023494 0.064062
10 0.830190 0.434969 0.028622 0.083393
10 0.988758 0.505305 0.021455 0.107194
10 0.991494 0.546649 0.016865 0.096553
10 0.892540 0.498184 0.038775 0.113471
10 0.285457 0.179416 0.012878 0.039540
11 0.428245 0.159123 0.021754 0.041916
11 0.437087 0.149662 0.018154 0.032942
11 0.442330 0.137346 0.019563 0.033832
11 0.405379 0.147282 0.021077 0.032196
11 0.389922 0.136846 0.016393 0.029088
11 0.398646 0.130851 0.016276 0.027311
11 0.417674 0.133959 0.018032 0.025979
11 0.422650 0.125300 0.017447 0.026867
11 0.413868 0.111755 0.014403 0.022427
11 0.494136 0.119527 0.013115 0.024203
11 0.479675 0.106537 0.012061 0.021760
11 0.505611 0.095657 0.011475 0.019984
