11 0.194973 0.350514 0.091150 0.128032
11 0.482550 0.295427 0.048863 0.092668
11 0.649699 0.648396 0.126287 0.223741
11 0.555280 0.296676 0.050080 0.085245
11 0.377699 0.183886 0.030384 0.047821
11 0.484145 0.775642 0.128973 0.313356
11 0.205175 0.452744 0.102738 0.167339
11 0.332625 0.273278 0.048934 0.078173
11 0.476459 0.185793 0.028301 0.053124
0 0.941122 0.211790 0.117756 0.121122
11 0.266485 0.884457 0.193284 0.231086
11 0.418609 0.205510 0.033342 0.050882
11 0.975033 0.270731 0.049574 0.055073
11 0.547469 0.245925 0.038782 0.052060
11 0.373223 0.454349 0.081477 0.147351
0 0.531262 0.183893 0.040572 0.071572
11 0.418504 0.173255 0.024808 0.047187
7 0.367550 0.156991 0.023631 0.049672
10 0.926005 0.446615 0.030468 0.104950
10 0.673714 0.253184 0.017339 0.059375
10 0.901082 0.447457 0.030425 0.099155
9 0.829965 0.513409 0.035911 0.154501
10 0.685340 0.306970 0.019909 0.074608
10 0.726989 0.330120 0.020290 0.074900
10 0.983227 0.590496 0.033545 0.135155
10 0.784815 0.438336 0.032630 0.096191
10 0.758262 0.337733 0.024003 0.074328
10 0.887825 0.514528 0.042548 0.119972
10 0.645600 0.213305 0.015415 0.049634
10 0.767726 0.292557 0.021184 0.065118
10 0.701552 0.238507 0.016963 0.051179
10 0.989878 0.508899 0.020243 0.104519
10 0.789461 0.318051 0.022772 0.068348
10 0.809783 0.336332 0.021700 0.068834
10 0.736106 0.285759 0.020061 0.061466
10 0.832750 0.366572 0.023297 0.076237
9 0.573073 0.173279 0.009216 0.049252
10 0.712699 0.291681 0.016663 0.058959
10 0.777507 0.402741 0.026834 0.077765
10 0.804187 0.397277 0.026923 0.082654
10 0.671610 0.216519 0.014361 0.042840
10 0.598766 0.182291 0.010440 0.044322
10 0.617001 0.184599 0.010797 0.041576
10 0.701320 0.298437 0.021688 0.076403
10 0.756566 0.270252 0.017965 0.060442
10 0.819205 0.388776 0.029545 0.086619
10 0.709983 0.269040 0.018500 0.061837
10 0.656102 0.203361 0.014139 0.044582
10 0.667117 0.201023 0.013810 0.045517
10 0.634976 0.184967 0.011015 0.040217
10 0.603224 0.166585 0.012850 0.043860
10 0.285457 0.179416 0.012878 0.039540
11 0.486223 0.136466 0.019162 0.032838
11 0.492185 0.100533 0.010646 0.018034
11 0.428656 0.165315 0.020531 0.036513
11 0.437166 0.147866 0.021808 0.037521
11 0.400944 0.157649 0.024042 0.035706
11 0.415092 0.134249 0.021276 0.032881
11 0.385785 0.141310 0.018404 0.029654
11 0.395040 0.131728 0.018829 0.027031
11 0.402061 0.122650 0.016063 0.025821
