11 0.631641 0.205125 0.066893 0.052474
11 0.951885 0.248682 0.069619 0.054352
11 0.482210 0.733929 0.115181 0.247984
11 0.224183 0.915420 0.191973 0.169161
11 0.625800 0.592293 0.104037 0.177549
11 0.711414 0.874093 0.187173 0.248793
11 0.030271 0.399590 0.059695 0.114088
11 0.396659 0.170707 0.025242 0.043660
11 0.361316 0.171239 0.026268 0.039932
11 0.430331 0.172090 0.025823 0.041845
11 0.467370 0.193625 0.047420 0.048754
11 0.507747 0.171029 0.025823 0.044516
10 0.930644 0.592872 0.049952 0.122108
10 0.858338 0.526908 0.048766 0.126792
10 0.953698 0.669083 0.055540 0.138885
10 0.985704 0.619687 0.028592 0.127236
10 0.980339 0.553042 0.036405 0.094487
10 0.782689 0.207115 0.031353 0.050682
9 0.683028 0.189133 0.008840 0.053704
10 0.136071 0.208550 0.017113 0.051056
10 0.166645 0.203358 0.015744 0.048460
10 0.183872 0.201627 0.013234 0.045864
10 0.204635 0.200329 0.013234 0.047594
10 0.248444 0.195016 0.012777 0.047837
10 0.273086 0.184103 0.012777 0.041104
10 0.232814 0.191026 0.014831 0.041104
11 0.436551 0.155692 0.022536 0.037555
11 0.403259 0.154558 0.022878 0.033994
11 0.373467 0.157032 0.023390 0.038293
10 0.257199 0.185001 0.009895 0.040913
11 0.382514 0.147318 0.019466 0.033838
11 0.391193 0.136243 0.018331 0.031992
11 0.411632 0.147164 0.019304 0.032300
11 0.417391 0.140396 0.016871 0.030454
11 0.423312 0.132706 0.016384 0.028608
11 0.441886 0.146395 0.017844 0.031992
11 0.492337 0.154700 0.020764 0.036914
11 0.515129 0.128861 0.017682 0.030146
