11 0.382309 0.424076 0.071347 0.116828
11 0.170454 0.386753 0.085986 0.112682
11 0.952234 0.248313 0.069066 0.054357
11 0.485874 0.200652 0.028617 0.045378
11 0.535801 0.198791 0.030449 0.055283
11 0.285676 0.245168 0.045456 0.065365
11 0.579552 0.354511 0.060269 0.102809
11 0.343951 0.184567 0.028816 0.046702
11 0.493807 0.611399 0.092264 0.190177
11 0.483165 0.357482 0.054442 0.096285
11 0.242093 0.896979 0.193377 0.206042
11 0.349817 0.240525 0.040261 0.059653
11 0.034255 0.761051 0.068462 0.247343
11 0.426351 0.179897 0.028170 0.042664
11 0.393279 0.174145 0.027701 0.041845
10 0.779915 0.305995 0.022307 0.068589
10 0.929493 0.525606 0.041614 0.121384
10 0.833578 0.308959 0.023543 0.070415
10 0.852483 0.467328 0.034935 0.106818
10 0.783574 0.400556 0.026694 0.091293
10 0.717653 0.361417 0.023829 0.090740
10 0.917827 0.436261 0.036134 0.094410
10 0.858371 0.407938 0.030386 0.087956
10 0.980227 0.622387 0.039214 0.153105
10 0.820469 0.396709 0.023637 0.091158
9 0.921479 0.325008 0.020275 0.081659
10 0.699347 0.318751 0.020614 0.073758
10 0.803342 0.340884 0.025487 0.073287
10 0.751674 0.352062 0.025301 0.081837
10 0.665595 0.270748 0.019546 0.060325
10 0.758665 0.268337 0.017234 0.055316
10 0.740175 0.280579 0.018968 0.063538
10 0.753904 0.304643 0.019686 0.057716
10 0.656157 0.245954 0.016567 0.050619
10 0.708254 0.273037 0.017829 0.055460
10 0.698890 0.280447 0.017504 0.057686
10 0.701863 0.246318 0.015868 0.046449
10 0.858501 0.216862 0.032895 0.052632
10 0.782689 0.207115 0.031353 0.050682
9 0.700350 0.195230 0.010811 0.050226
10 0.621703 0.210947 0.013513 0.048859
10 0.621703 0.200355 0.012072 0.047492
10 0.629721 0.184468 0.012973 0.040317
10 0.030388 0.338080 0.028722 0.081699
10 0.056033 0.289838 0.023388 0.075475
10 0.086807 0.286726 0.021747 0.069250
10 0.129070 0.269219 0.018464 0.065359
10 0.120864 0.244320 0.016002 0.057579
11 0.370700 0.153244 0.024931 0.037722
11 0.404806 0.156396 0.022568 0.038904
11 0.434590 0.158930 0.023700 0.037831
10 0.598887 0.172736 0.011079 0.045129
11 0.387316 0.141761 0.019561 0.028168
11 0.415407 0.141204 0.018972 0.030399
11 0.440850 0.146363 0.018972 0.032909
11 0.514607 0.131861 0.017649 0.030120
11 0.400332 0.128235 0.019414 0.031236
11 0.376138 0.129490 0.016913 0.025379
