11 0.583691 0.373307 0.062761 0.117674
11 0.328262 0.641847 0.126701 0.217863
11 0.348168 0.253958 0.044971 0.072118
11 0.062721 0.469795 0.105323 0.151071
11 0.268531 0.268387 0.055485 0.080115
11 0.488176 0.297239 0.045401 0.084681
7 0.696636 0.807953 0.169740 0.352105
11 0.932536 0.254822 0.078547 0.052051
11 0.372437 0.199471 0.031476 0.046682
11 0.320339 0.204155 0.035717 0.050098
11 0.274922 0.355784 0.069295 0.108303
11 0.420761 0.210326 0.032755 0.052530
11 0.387515 0.388347 0.063461 0.105671
11 0.485187 0.478424 0.070428 0.130382
11 0.487793 0.196848 0.026292 0.048077
11 0.954353 0.249341 0.064543 0.051566
11 0.299758 0.188390 0.030518 0.048967
11 0.360846 0.167568 0.027231 0.047187
11 0.422298 0.180377 0.027701 0.038283
11 0.527701 0.169213 0.026292 0.044444
10 0.698665 0.268718 0.020450 0.062436
10 0.884150 0.406701 0.027914 0.097603
10 0.717628 0.298093 0.021466 0.072414
10 0.672833 0.251595 0.017628 0.058941
10 0.733521 0.256829 0.018223 0.057830
10 0.761643 0.291376 0.020419 0.066398
10 0.985963 0.568867 0.027470 0.148772
9 0.842749 0.270143 0.015401 0.064911
10 0.638783 0.230996 0.015148 0.053944
10 0.676579 0.220263 0.015235 0.047293
10 0.716595 0.256172 0.016677 0.053931
10 0.648649 0.219708 0.014900 0.051213
10 0.626808 0.211706 0.014468 0.045725
10 0.782689 0.207115 0.031353 0.050682
10 0.858501 0.216862 0.032895 0.052632
9 0.707520 0.195068 0.009155 0.050525
10 0.594311 0.200298 0.012324 0.048522
10 0.610685 0.192842 0.012677 0.046074
10 0.664619 0.190505 0.012559 0.042290
10 0.150407 0.258403 0.018054 0.058357
10 0.591933 0.188839 0.010867 0.039290
10 0.639419 0.204264 0.011714 0.039860
10 0.650859 0.196375 0.012043 0.037369
10 0.632248 0.193572 0.010291 0.036331
10 0.637065 0.182777 0.011167 0.040068
10 0.623818 0.175926 0.011167 0.039238
10 0.123736 0.210830 0.022499 0.044935
10 0.093937 0.223765 0.020824 0.040850
11 0.381962 0.142795 0.017326 0.030558
0 0.403953 0.147160 0.031744 0.064103
11 0.439574 0.148424 0.021324 0.032626
11 0.484041 0.155661 0.020597 0.031936
10 0.595938 0.173695 0.010001 0.035141
10 0.610204 0.165746 0.009707 0.034862
10 0.590129 0.166444 0.009854 0.036814
10 0.576378 0.141901 0.008530 0.032352
