11 0.359354 0.535032 0.104550 0.174662
11 0.231620 0.323865 0.070467 0.110138
11 0.224230 0.486995 0.106557 0.159556
11 0.387426 0.387077 0.063417 0.115198
11 0.501204 0.375583 0.057963 0.115445
11 0.482437 0.212311 0.030793 0.052153
11 0.931656 0.256623 0.076677 0.050922
7 0.549958 0.258909 0.043801 0.075200
7 0.664503 0.662798 0.137329 0.282004
11 0.491051 0.623075 0.092795 0.198448
0 0.355264 0.207716 0.055702 0.107384
11 0.243567 0.879317 0.201978 0.239514
11 0.020283 0.550458 0.040389 0.164463
11 0.820933 0.231031 0.069465 0.047473
11 0.991629 0.272256 0.016291 0.054517
11 0.954353 0.249341 0.064543 0.051566
11 0.420654 0.187500 0.030048 0.047187
11 0.422316 0.215673 0.034601 0.055739
11 0.529007 0.183260 0.029974 0.047671
11 0.391708 0.175468 0.028040 0.037587
11 0.073358 0.255684 0.074934 0.064173
11 0.328618 0.195196 0.027556 0.047635
10 0.834550 0.351547 0.030363 0.087765
10 0.732197 0.292081 0.020604 0.075912
10 0.748384 0.282072 0.017685 0.068438
9 0.801452 0.248892 0.011437 0.054281
10 0.640148 0.212249 0.012482 0.047787
10 0.665104 0.207339 0.013206 0.049172
9 0.702238 0.198985 0.011972 0.050748
10 0.782522 0.208778 0.028874 0.048967
10 0.859873 0.218572 0.028640 0.048967
10 0.653282 0.194148 0.011188 0.047201
10 0.633508 0.199000 0.011361 0.044734
10 0.640533 0.192668 0.010841 0.042925
10 0.635633 0.178442 0.011622 0.045392
10 0.615989 0.189626 0.011535 0.042760
10 0.601552 0.179100 0.011188 0.044405
10 0.624055 0.163394 0.008933 0.035688
10 0.121582 0.215414 0.025850 0.050835
10 0.592720 0.168589 0.009606 0.036683
10 0.577578 0.154675 0.008938 0.032635
10 0.585116 0.149995 0.007471 0.030358
11 0.481923 0.158596 0.021746 0.035924
11 0.379064 0.145694 0.022013 0.036936
11 0.407213 0.153284 0.024414 0.036936
11 0.432494 0.159229 0.023213 0.035671
11 0.396674 0.133424 0.018811 0.029599
11 0.419887 0.131906 0.018544 0.029093
