11 0.193822 0.341142 0.075697 0.106188
11 0.251818 0.370935 0.083068 0.124372
11 0.387950 0.389250 0.063193 0.108770
11 0.571067 0.310398 0.049123 0.073925
11 0.499684 0.417255 0.061248 0.112393
7 0.340920 0.230810 0.046638 0.081649
11 0.530461 0.205223 0.034073 0.051420
11 0.269181 0.841593 0.186890 0.316815
11 0.495937 0.271580 0.040070 0.063966
11 0.292676 0.238601 0.048386 0.063506
11 0.497185 0.811006 0.124321 0.307117
11 0.931404 0.255630 0.080141 0.056312
11 0.681401 0.215874 0.067807 0.048192
11 0.699702 0.885920 0.162353 0.221874
11 0.361940 0.528164 0.099305 0.169402
11 0.052792 0.863640 0.105584 0.272344
11 0.613856 0.475231 0.083660 0.134703
11 0.028097 0.578219 0.053632 0.251831
11 0.351703 0.184855 0.033121 0.046464
11 0.954353 0.249341 0.064543 0.051566
11 0.486849 0.197906 0.029109 0.048006
11 0.419320 0.190283 0.030048 0.047187
11 0.421691 0.216346 0.036554 0.057590
9 0.865840 0.505545 0.029814 0.153152
9 0.691189 0.195076 0.010579 0.048765
10 0.856311 0.216667 0.028890 0.049897
9 0.767144 0.208517 0.010224 0.050140
10 0.782745 0.206177 0.026617 0.046129
10 0.121582 0.215414 0.025850 0.050835
0 0.407227 0.134979 0.035373 0.071605
11 0.426224 0.168336 0.023747 0.035671
11 0.435630 0.155687 0.022813 0.039719
7 0.522013 0.164036 0.025081 0.047308
10 0.627562 0.187375 0.010887 0.044837
10 0.635041 0.176426 0.008688 0.038789
10 0.607987 0.152444 0.006488 0.032115
