11 0.632329 0.536976 0.095317 0.156576
11 0.298472 0.325224 0.062519 0.094782
7 0.168240 0.374124 0.088113 0.136419
11 0.889756 0.329632 0.082693 0.078473
11 0.572195 0.327333 0.052981 0.076251
11 0.542230 0.221610 0.038670 0.061263
11 0.550781 0.271683 0.041301 0.068557
11 0.315815 0.221793 0.038727 0.061861
11 0.482298 0.231390 0.033640 0.053358
11 0.268838 0.841651 0.187305 0.316699
11 0.479904 0.297698 0.047622 0.081273
11 0.494115 0.758951 0.108996 0.249409
11 0.388105 0.390106 0.063518 0.108056
11 0.095409 0.666515 0.161980 0.242961
11 0.717509 0.900270 0.169664 0.199460
11 0.490472 0.459854 0.078214 0.147065
11 0.361622 0.527285 0.099125 0.168048
11 0.991513 0.273165 0.016575 0.056774
11 0.937451 0.248450 0.064543 0.051566
11 0.931519 0.256338 0.078033 0.051960
11 0.387320 0.167023 0.028170 0.047187
11 0.526204 0.183524 0.026762 0.043554
9 0.855248 0.508035 0.032938 0.148678
10 0.930798 0.484936 0.037111 0.109628
10 0.755315 0.341489 0.028356 0.081382
9 0.677936 0.192195 0.010579 0.052469
10 0.782446 0.207784 0.030867 0.049343
10 0.859045 0.216549 0.028890 0.049897
10 0.822780 0.213450 0.028269 0.043860
10 0.121582 0.215414 0.025850 0.050835
11 0.422864 0.215518 0.034601 0.055739
11 0.424697 0.169753 0.024861 0.039683
11 0.435838 0.158002 0.022536 0.039343
11 0.418910 0.192522 0.030048 0.050890
11 0.378712 0.149989 0.020884 0.032352
11 0.398052 0.131721 0.019855 0.029842
11 0.530785 0.164073 0.022061 0.037651
11 0.520564 0.136602 0.020737 0.029005
