11 0.213928 0.349576 0.071569 0.103594
11 0.134352 0.626354 0.146070 0.225735
11 0.295239 0.242934 0.049061 0.074390
11 0.620846 0.520580 0.085239 0.143411
11 0.269516 0.841564 0.186519 0.316872
11 0.493821 0.246209 0.039683 0.071410
11 0.537884 0.927701 0.158925 0.144599
11 0.562074 0.310397 0.051258 0.085168
11 0.485981 0.359579 0.052279 0.094273
11 0.388966 0.388756 0.062620 0.106912
11 0.361947 0.527925 0.102628 0.168742
0 0.373941 0.168992 0.052561 0.097747
11 0.483612 0.194854 0.028943 0.049681
11 0.549936 0.208151 0.033532 0.051660
11 0.991383 0.271149 0.016684 0.059943
11 0.931519 0.256338 0.078033 0.051960
11 0.937451 0.248450 0.064543 0.051566
11 0.317373 0.176834 0.036382 0.049927
10 0.690660 0.241525 0.021525 0.058291
10 0.772559 0.294877 0.020610 0.066376
9 0.838300 0.501363 0.033754 0.148721
9 0.618202 0.183739 0.010579 0.052469
10 0.782657 0.207654 0.030446 0.049083
10 0.823465 0.210592 0.028612 0.043728
10 0.847183 0.221668 0.028946 0.049900
10 0.859045 0.216549 0.028890 0.049897
10 0.121582 0.215414 0.025850 0.050835
11 0.422864 0.215518 0.034601 0.055739
11 0.424697 0.169753 0.024861 0.039683
11 0.434808 0.158002 0.022536 0.039343
11 0.418910 0.192522 0.030048 0.050890
10 0.285278 0.177045 0.009658 0.043413
11 0.533622 0.171279 0.024861 0.039343
11 0.520476 0.140754 0.018959 0.031882
