11 0.280808 0.329245 0.068621 0.111598
11 0.388149 0.389413 0.063845 0.109244
11 0.708836 0.209397 0.076620 0.054151
11 0.501323 0.419924 0.067042 0.116230
11 0.612188 0.204176 0.071627 0.046405
11 0.371528 0.188916 0.029458 0.048425
11 0.531958 0.326335 0.060313 0.088145
11 0.140286 0.233164 0.077400 0.054863
11 0.269323 0.841662 0.186526 0.316677
11 0.332775 0.164494 0.026895 0.038416
11 0.472823 0.240288 0.036717 0.063093
11 0.362007 0.528492 0.103019 0.170283
11 0.991229 0.267209 0.017062 0.062478
11 0.931519 0.256338 0.078033 0.051960
11 0.937451 0.248450 0.064543 0.051566
11 0.486921 0.185409 0.026292 0.045264
9 0.849694 0.494170 0.029120 0.135673
10 0.736512 0.282124 0.019587 0.066424
9 0.577887 0.173356 0.009071 0.044986
10 0.782657 0.207654 0.030446 0.049083
10 0.823465 0.210592 0.028612 0.043728
10 0.847183 0.221668 0.028946 0.049900
10 0.859045 0.216549 0.028890 0.049897
10 0.121582 0.215414 0.025850 0.050835
11 0.422864 0.215518 0.034601 0.055739
11 0.424697 0.169753 0.024861 0.039683
11 0.434808 0.158002 0.022536 0.039343
11 0.418910 0.192522 0.030048 0.050890
10 0.283579 0.178741 0.011983 0.042735
11 0.410120 0.146181 0.021463 0.031882
11 0.388926 0.119217 0.017349 0.024759
11 0.524410 0.162461 0.023967 0.040700
