11 0.268111 0.283086 0.081069 0.085660
11 0.568475 0.187212 0.060756 0.047327
11 0.680352 0.276214 0.105128 0.072151
11 0.378810 0.457260 0.080203 0.140893
11 0.281340 0.851904 0.156200 0.287317
11 0.768015 0.228579 0.077194 0.053554
11 0.487101 0.930071 0.161161 0.139859
11 0.488532 0.702972 0.116283 0.239481
11 0.676650 0.734037 0.140652 0.258722
11 0.804383 0.954343 0.183899 0.089024
11 0.971215 0.303355 0.056869 0.068903
11 0.422511 0.203791 0.035656 0.044323
11 0.936996 0.230611 0.078128 0.043663
11 0.931519 0.256338 0.078033 0.051960
11 0.937451 0.248450 0.064543 0.051566
11 0.369792 0.159132 0.027286 0.039942
11 0.755869 0.212691 0.066062 0.054466
11 0.422985 0.177609 0.028853 0.043771
10 0.649119 0.367011 0.038619 0.089862
10 0.737180 0.422853 0.050421 0.099343
10 0.492845 0.292161 0.028187 0.071623
9 0.842311 0.503110 0.041468 0.151825
10 0.415709 0.243978 0.027010 0.063060
10 0.986597 0.548367 0.026398 0.120073
10 0.823465 0.210592 0.028612 0.043728
10 0.843585 0.224592 0.028946 0.049900
10 0.853392 0.215574 0.028890 0.049897
10 0.651881 0.203704 0.013916 0.050139
10 0.121582 0.215414 0.025850 0.050835
11 0.365585 0.140246 0.021821 0.031543
7 0.434925 0.146543 0.024020 0.042936
