11 0.344751 0.606179 0.108423 0.193301
11 0.595409 0.255667 0.088950 0.067571
11 0.305465 0.294400 0.078640 0.083677
11 0.375608 0.389549 0.060012 0.109694
11 0.448894 0.215746 0.048212 0.061846
11 0.641647 0.216801 0.073976 0.053196
11 0.486996 0.929760 0.161153 0.140480
11 0.677459 0.733362 0.140428 0.259123
11 0.488532 0.694111 0.115668 0.224912
11 0.870797 0.221867 0.058531 0.043396
11 0.930531 0.253191 0.075112 0.052511
11 0.804173 0.954326 0.188408 0.091348
11 0.991147 0.271907 0.017506 0.056628
11 0.321918 0.175696 0.028722 0.042665
11 0.360696 0.169118 0.029201 0.047204
7 0.419350 0.171387 0.032054 0.060821
11 0.574219 0.187727 0.060758 0.048112
10 0.333836 0.254545 0.025427 0.061381
9 0.844726 0.506238 0.041408 0.150675
10 0.813868 0.323293 0.041420 0.082865
10 0.394052 0.270637 0.029232 0.068865
10 0.991143 0.562793 0.017550 0.126770
10 0.782657 0.207654 0.030446 0.049083
10 0.823465 0.210592 0.028612 0.043728
10 0.845430 0.220922 0.032451 0.048409
10 0.153492 0.232375 0.023986 0.058480
10 0.121582 0.215414 0.025850 0.050835
11 0.435071 0.152456 0.021284 0.041718
11 0.500533 0.153812 0.023430 0.036969
