11 0.232894 0.297795 0.077604 0.092010
11 0.671761 0.259921 0.094174 0.061672
11 0.298462 0.718285 0.132333 0.234279
11 0.346538 0.456072 0.075539 0.148902
11 0.825361 0.224933 0.071137 0.053833
11 0.487176 0.929891 0.160906 0.140217
11 0.486928 0.693757 0.113132 0.224064
11 0.122082 0.265268 0.080323 0.058212
11 0.942256 0.293051 0.098070 0.072048
11 0.487407 0.234678 0.068074 0.057001
11 0.676508 0.733298 0.141329 0.256613
11 0.361596 0.168334 0.030684 0.047284
11 0.803642 0.953925 0.187401 0.092150
11 0.425598 0.177536 0.026697 0.039783
11 0.930597 0.246185 0.067019 0.047019
11 0.931519 0.256338 0.078033 0.051960
9 0.827481 0.515887 0.036034 0.156714
10 0.940699 0.572584 0.073292 0.147321
9 0.593329 0.175984 0.009548 0.047353
10 0.782657 0.207654 0.030446 0.049083
10 0.901676 0.220760 0.035979 0.056530
10 0.121582 0.215414 0.025850 0.050835
11 0.517435 0.164157 0.024325 0.035952
11 0.436860 0.151777 0.022357 0.032221
