17 0.248934 0.676028 0.129359 0.266702
6 0.724826 0.579026 0.308364 0.609429
18 0.909403 0.262871 0.177625 0.156934
16 0.091668 0.190614 0.084592 0.127289
15 0.463817 0.205230 0.053693 0.097215
17 0.406280 0.532444 0.101928 0.259845
3 0.158379 0.209606 0.031470 0.038314
16 0.217920 0.119503 0.041486 0.078691
17 0.394449 0.221743 0.040466 0.090518
3 0.220797 0.159896 0.024455 0.031920
15 0.162741 0.159423 0.057521 0.061162
3 0.280428 0.146139 0.016982 0.027199
3 0.436058 0.196004 0.021558 0.036957
3 0.267840 0.126357 0.016911 0.024034
17 0.394555 0.161964 0.027868 0.048959
3 0.514958 0.217598 0.029535 0.047178
