14 0.445623 0.550673 0.069790 0.163115
15 0.409311 0.190557 0.033664 0.092035
17 0.078613 0.272932 0.053711 0.076439
13 0.299316 0.588579 0.091797 0.153777
3 0.222168 0.866457 0.164062 0.265288
17 0.435303 0.276079 0.030762 0.070144
13 0.457616 0.142092 0.014455 0.025190
15 0.440186 0.143885 0.021973 0.037770
13 0.406250 0.125000 0.011719 0.021583
17 0.427173 0.137633 0.012550 0.028863
17 0.423584 0.112410 0.010254 0.021583
16 0.450558 0.116615 0.017327 0.038985
16 0.441406 0.097122 0.015625 0.035971
3 0.409405 0.102348 0.008878 0.014150
