3 0.438570 0.415287 0.067865 0.115642
15 0.646042 0.526826 0.214472 0.583810
15 0.483662 0.269866 0.068607 0.126864
3 0.169816 0.202477 0.031759 0.045488
17 0.201934 0.197251 0.048950 0.078990
13 0.445267 0.201057 0.030076 0.048066
18 0.535106 0.144917 0.029705 0.060291
18 0.488299 0.169514 0.035943 0.075878
15 0.331379 0.128861 0.037796 0.057300
15 0.080651 0.271329 0.086196 0.108670
15 0.509671 0.123122 0.026609 0.065683
16 0.476845 0.132539 0.025442 0.057626
15 0.544562 0.120534 0.027755 0.074914
