16 0.750800 0.706056 0.410625 0.588181
15 0.241802 0.608600 0.258892 0.605310
12 0.454680 0.644455 0.117431 0.321353
15 0.769872 0.301070 0.146625 0.094471
3 0.093302 0.286591 0.046301 0.039185
3 0.454054 0.977098 0.125275 0.045804
3 0.024553 0.280763 0.037489 0.035217
17 0.945389 0.322080 0.100444 0.083012
3 0.262988 0.228945 0.026060 0.034151
14 0.372533 0.319197 0.036493 0.060583
5 0.529554 0.289852 0.016447 0.053010
16 0.750797 0.260034 0.098941 0.097974
15 0.870837 0.256248 0.136719 0.112647
17 0.296549 0.222679 0.026274 0.044536
13 0.279576 0.216041 0.020694 0.030404
3 0.311547 0.215827 0.018136 0.027407
3 0.324451 0.205764 0.020229 0.026978
5 0.557887 0.248074 0.022856 0.040181
5 0.618230 0.244247 0.019220 0.032527
14 0.589747 0.248393 0.030821 0.038267
