3 0.392919 0.898204 0.168547 0.197802
15 0.656385 0.537058 0.221677 0.621657
13 0.475761 0.255842 0.041365 0.069331
3 0.438689 0.394575 0.062043 0.107856
16 0.569832 0.245081 0.068442 0.125472
3 0.505482 0.151988 0.020448 0.033874
14 0.125785 0.304430 0.065886 0.091910
13 0.519049 0.116920 0.014218 0.024937
15 0.269169 0.160016 0.084756 0.087337
15 0.307069 0.124171 0.054064 0.053013
17 0.171258 0.196388 0.047133 0.064124
15 0.064233 0.265605 0.127670 0.216881
3 0.177851 0.231926 0.046038 0.052138
