16 0.489047 0.561126 0.180121 0.655602
3 0.056883 0.326410 0.052260 0.076996
15 0.351590 0.366445 0.087789 0.157621
15 0.507218 0.171201 0.036814 0.071047
15 0.164940 0.192713 0.048727 0.083727
15 0.264542 0.157737 0.039664 0.057958
17 0.408417 0.196786 0.027948 0.061605
15 0.203288 0.201016 0.038467 0.060730
13 0.423359 0.175518 0.018656 0.033741
13 0.456738 0.187587 0.023513 0.040016
3 0.331900 0.126375 0.014166 0.020798
15 0.600026 0.361261 0.139553 0.317508
15 0.217105 0.147624 0.042130 0.088681
17 0.461519 0.167405 0.019996 0.041276
3 0.525809 0.238877 0.034645 0.046924
5 0.599051 0.192822 0.010463 0.036496
5 0.587077 0.180222 0.008371 0.031283
1 0.565802 0.164581 0.007208 0.032152
3 0.290192 0.153570 0.018883 0.028513
15 0.275600 0.125057 0.040436 0.061302
15 0.314796 0.113117 0.021553 0.034572
