15 0.292165 0.376634 0.095569 0.241458
3 0.239525 0.247336 0.049672 0.057088
15 0.559316 0.285762 0.090774 0.176445
3 0.957470 0.295208 0.084863 0.063830
17 0.243411 0.153801 0.025743 0.050575
12 0.158541 0.220215 0.041250 0.079841
16 0.504589 0.192703 0.060982 0.134728
15 0.574675 0.562036 0.229104 0.593984
12 0.395375 0.151760 0.028550 0.051453
3 0.197269 0.174337 0.026131 0.036537
3 0.217776 0.145723 0.019608 0.025696
14 0.289637 0.149096 0.019839 0.041156
15 0.279794 0.106658 0.021957 0.039620
17 0.920409 0.271110 0.080641 0.071686
5 0.828273 0.249383 0.032884 0.051340
5 0.790620 0.251910 0.031034 0.048414
3 0.232257 0.152778 0.016793 0.030414
3 0.296004 0.123088 0.015889 0.022207
3 0.434599 0.088410 0.008910 0.014985
13 0.423728 0.082749 0.008554 0.014985
