3 0.301290 0.289715 0.049444 0.067054
3 0.282872 0.470294 0.080763 0.125228
3 0.439487 0.220878 0.034870 0.049734
15 0.884620 0.169427 0.229783 0.116332
15 0.194429 0.151874 0.037380 0.074183
13 0.228994 0.167278 0.027768 0.039736
3 0.196223 0.199713 0.034378 0.044870
6 0.244714 0.114180 0.040525 0.068849
15 0.420250 0.124343 0.027163 0.054756
15 0.459084 0.136170 0.041558 0.088580
13 0.132281 0.214840 0.035373 0.051075
15 0.650468 0.647738 0.421721 0.702699
16 0.748509 0.542259 0.323808 0.557050
17 0.273711 0.152931 0.022099 0.040901
17 0.301387 0.121862 0.018942 0.032249
8 0.388941 0.127368 0.018100 0.030676
15 0.192682 0.139559 0.050301 0.074723
3 0.391467 0.106130 0.013049 0.021237
17 0.473864 0.098068 0.013680 0.023990
15 0.407568 0.090006 0.014101 0.027530
15 0.429140 0.082534 0.019784 0.043261
16 0.299388 0.076045 0.024625 0.043654
3 0.268239 0.106720 0.012838 0.022417
5 0.132220 0.181199 0.011178 0.032612
3 0.390974 0.082247 0.009068 0.013816
