7 0.325217 0.566100 0.107284 0.214727
11 0.576622 0.366178 0.062884 0.112713
11 0.293370 0.193557 0.041996 0.045994
11 0.489998 0.548249 0.087502 0.165849
11 0.345910 0.187825 0.031967 0.051867
11 0.258283 0.876423 0.183761 0.247154
11 0.487611 0.886257 0.143243 0.224863
11 0.758482 0.846133 0.209680 0.308454
11 0.162896 0.575580 0.137648 0.202717
11 0.932694 0.256330 0.086066 0.057889
11 0.916475 0.244009 0.069413 0.049927
11 0.389905 0.174860 0.027286 0.047168
11 0.426909 0.167896 0.025333 0.039869
7 0.320724 0.165940 0.028722 0.053558
11 0.473671 0.170479 0.024414 0.040850
11 0.526096 0.164101 0.025831 0.037110
10 0.834980 0.345195 0.024035 0.085658
10 0.795538 0.399155 0.026815 0.096677
10 0.743233 0.330170 0.023949 0.086766
10 0.801027 0.354751 0.024889 0.082302
10 0.908507 0.598512 0.051622 0.150992
10 0.690326 0.255773 0.020748 0.061720
9 0.832878 0.529429 0.027667 0.171830
10 0.860326 0.423600 0.026595 0.100866
10 0.971129 0.515422 0.034030 0.099512
10 0.985968 0.581305 0.028064 0.128508
10 0.949108 0.582753 0.044052 0.143746
10 0.848957 0.460582 0.033736 0.112106
10 0.986572 0.488928 0.024518 0.092550
9 0.623355 0.176413 0.008301 0.050926
10 0.584036 0.183723 0.012336 0.044834
10 0.238706 0.193921 0.011842 0.045220
10 0.210318 0.198074 0.010220 0.042451
11 0.365481 0.167928 0.026280 0.038760
11 0.403116 0.154393 0.023684 0.038760
11 0.436695 0.156085 0.022711 0.036606
11 0.485037 0.150083 0.020440 0.031998
11 0.410578 0.147625 0.019142 0.032607
11 0.350638 0.147779 0.022224 0.037222
0 0.377242 0.132244 0.035202 0.063984
11 0.440102 0.145472 0.019142 0.033838
11 0.417148 0.133321 0.020277 0.034761
11 0.517805 0.138397 0.016871 0.030146
10 0.613929 0.158900 0.009122 0.032221
