11 0.233353 0.303821 0.061977 0.090898
11 0.662774 0.674975 0.118384 0.216568
11 0.595174 0.378434 0.066652 0.108276
11 0.283885 0.352122 0.079808 0.133248
7 0.397225 0.327174 0.054652 0.109687
11 0.114901 0.230873 0.077683 0.061529
11 0.415756 0.191219 0.028402 0.048072
11 0.367244 0.517291 0.088188 0.161031
11 0.876251 0.231582 0.066708 0.051289
11 0.493785 0.549609 0.087108 0.179337
11 0.484644 0.202487 0.031076 0.049457
11 0.275671 0.196574 0.048084 0.046615
11 0.548977 0.230807 0.036643 0.059587
11 0.844452 0.215219 0.062769 0.056495
11 0.349254 0.244137 0.044332 0.066245
11 0.931164 0.257171 0.085564 0.053133
11 0.479033 0.254162 0.041130 0.063101
11 0.916288 0.236846 0.057870 0.040706
11 0.376972 0.188635 0.031379 0.047431
11 0.358303 0.171146 0.026329 0.040850
11 0.522739 0.167756 0.023935 0.040850
9 0.834589 0.531072 0.037400 0.166285
10 0.665355 0.241453 0.015375 0.053855
10 0.796628 0.335540 0.024208 0.077323
10 0.723831 0.328571 0.024650 0.080534
10 0.926794 0.440075 0.032062 0.103077
10 0.907874 0.599374 0.051976 0.154494
10 0.746579 0.322776 0.022057 0.074079
10 0.746593 0.281550 0.021932 0.059421
9 0.654803 0.180205 0.009711 0.048242
10 0.689954 0.190839 0.017644 0.042536
10 0.643109 0.215868 0.012857 0.047463
10 0.632372 0.224167 0.014635 0.055244
10 0.627380 0.187597 0.012036 0.043314
10 0.605008 0.172243 0.010404 0.038931
10 0.621238 0.170270 0.010126 0.037090
10 0.229291 0.194989 0.014361 0.053558
11 0.405467 0.153938 0.025080 0.034464
11 0.375359 0.149458 0.025444 0.036991
11 0.431638 0.162899 0.025565 0.037221
11 0.416978 0.136247 0.018295 0.027111
0 0.392927 0.118440 0.028085 0.053476
11 0.438242 0.148883 0.020113 0.031707
11 0.505002 0.150032 0.022778 0.037680
10 0.580667 0.158993 0.008118 0.036302
