11 0.481883 0.680480 0.116737 0.243623
10 0.709192 0.275577 0.019269 0.060203
11 0.393421 0.387125 0.062086 0.108471
11 0.552482 0.254726 0.038722 0.066688
11 0.531174 0.192403 0.031597 0.046466
11 0.501538 0.389467 0.060861 0.105694
11 0.607333 0.471295 0.076255 0.122696
10 0.907347 0.599221 0.052079 0.151991
11 0.379194 0.188066 0.031311 0.047415
11 0.481391 0.232999 0.035520 0.068018
9 0.833746 0.532535 0.035159 0.164353
11 0.287765 0.249927 0.046883 0.067600
11 0.759614 0.958839 0.161535 0.082322
11 0.343254 0.612902 0.120300 0.211150
11 0.930661 0.258159 0.086415 0.051622
10 0.179300 0.229692 0.019903 0.057239
11 0.423694 0.221304 0.034890 0.058290
10 0.686786 0.233733 0.018066 0.056836
11 0.357266 0.230993 0.039370 0.061509
11 0.421964 0.184584 0.028913 0.046710
11 0.836930 0.215019 0.065873 0.054055
11 0.186077 0.503611 0.114461 0.171953
11 0.321171 0.198856 0.039806 0.052961
11 0.430663 0.164767 0.023607 0.040918
7 0.393841 0.300477 0.048953 0.087417
11 0.875867 0.230732 0.066584 0.050309
10 0.221392 0.212529 0.015977 0.051997
11 0.401003 0.156876 0.025751 0.041597
10 0.635514 0.208926 0.014878 0.046652
0 0.360136 0.147813 0.043252 0.078614
11 0.913566 0.239440 0.059359 0.043810
11 0.015814 0.253797 0.031024 0.058779
11 0.982734 0.242881 0.033367 0.046880
10 0.647565 0.200918 0.014692 0.047525
10 0.620342 0.196821 0.013827 0.047525
9 0.655343 0.178794 0.009506 0.049164
10 0.693800 0.193543 0.016420 0.047525
11 0.388435 0.138243 0.017358 0.029839
11 0.397519 0.129168 0.016060 0.027070
11 0.418446 0.130091 0.019953 0.031992
11 0.481630 0.154547 0.023035 0.034145
11 0.522104 0.143319 0.019629 0.030762
10 0.590319 0.177772 0.012008 0.039375
10 0.599483 0.164390 0.009247 0.032915
