11 0.202542 0.492881 0.109192 0.167698
11 0.594338 0.415487 0.071177 0.118559
11 0.537824 0.206746 0.033095 0.048458
11 0.395033 0.377040 0.060302 0.094379
11 0.375150 0.493212 0.094240 0.160453
11 0.726504 0.205903 0.070034 0.052107
11 0.494077 0.319216 0.048817 0.084560
11 0.563685 0.276616 0.045751 0.066927
7 0.393124 0.300891 0.049875 0.085192
11 0.369439 0.189227 0.032789 0.053347
11 0.676740 0.771353 0.156958 0.283624
0 0.243296 0.259101 0.099063 0.158528
11 0.427025 0.226074 0.037668 0.061410
11 0.248003 0.905279 0.181704 0.189442
11 0.335504 0.260193 0.049388 0.072388
11 0.490655 0.450666 0.074956 0.141992
11 0.490320 0.200867 0.029413 0.043527
11 0.336965 0.188046 0.030914 0.047760
11 0.486324 0.240015 0.040714 0.069678
11 0.020558 0.540452 0.041117 0.191882
11 0.930257 0.257848 0.081818 0.051219
11 0.913842 0.243101 0.060317 0.051743
11 0.876555 0.231499 0.068087 0.050808
11 0.421971 0.198166 0.030159 0.049020
11 0.395402 0.160948 0.024558 0.039670
11 0.421492 0.177741 0.026329 0.042665
11 0.360936 0.165487 0.023935 0.043573
11 0.969363 0.243809 0.060298 0.054975
9 0.834334 0.532151 0.032949 0.168052
10 0.907847 0.600218 0.054489 0.157946
10 0.708097 0.250663 0.019442 0.058529
9 0.655827 0.180569 0.011182 0.047527
10 0.607261 0.174758 0.010118 0.041430
10 0.618185 0.163080 0.009384 0.040318
11 0.382477 0.142974 0.021063 0.033588
11 0.399711 0.128450 0.016276 0.028141
11 0.414790 0.136846 0.020584 0.034041
11 0.443273 0.141612 0.017233 0.030864
11 0.479176 0.145924 0.019627 0.033134
11 0.520225 0.154775 0.020345 0.032680
11 0.515079 0.135031 0.019148 0.032226
10 0.582628 0.149152 0.008089 0.033467
10 0.014372 0.366143 0.027068 0.089573
11 0.983642 0.274556 0.031987 0.053249
