11 0.321917 0.702819 0.138569 0.229606
11 0.499781 0.609177 0.098329 0.206518
11 0.496047 0.330196 0.048011 0.091433
7 0.394846 0.299908 0.050390 0.088823
11 0.394972 0.374919 0.058770 0.092284
11 0.373962 0.489565 0.092384 0.153065
11 0.585321 0.414575 0.064339 0.104436
7 0.641522 0.203801 0.075996 0.058804
11 0.211169 0.922358 0.213901 0.152538
11 0.572331 0.265729 0.045256 0.074521
11 0.536424 0.207053 0.030895 0.048581
11 0.427198 0.226965 0.037097 0.058916
11 0.484601 0.264134 0.037734 0.064164
11 0.347104 0.238839 0.039788 0.061091
7 0.560258 0.179000 0.049624 0.053331
11 0.287024 0.268261 0.049677 0.070869
11 0.322188 0.211593 0.032405 0.051014
7 0.136288 0.596791 0.152815 0.252547
11 0.224836 0.333215 0.069405 0.097926
11 0.494616 0.228383 0.033858 0.056787
11 0.774219 0.218947 0.077127 0.046639
11 0.864570 0.232433 0.071065 0.045459
11 0.915278 0.244916 0.063189 0.048112
11 0.931275 0.258776 0.083854 0.053073
11 0.385347 0.177288 0.029201 0.045389
11 0.348250 0.180277 0.031078 0.047131
11 0.509115 0.184096 0.036822 0.046296
9 0.830020 0.519003 0.035893 0.166922
10 0.907304 0.601241 0.050263 0.151844
10 0.697240 0.218161 0.015848 0.052794
10 0.692314 0.195419 0.016276 0.049545
11 0.420774 0.202251 0.027765 0.049927
11 0.417017 0.182286 0.027286 0.045389
11 0.433759 0.164162 0.021567 0.037451
11 0.438242 0.154857 0.020597 0.033545
11 0.442781 0.141186 0.021695 0.033774
11 0.519671 0.149573 0.019495 0.032560
11 0.369430 0.161274 0.024146 0.032899
11 0.381503 0.143637 0.021105 0.032221
11 0.396885 0.131936 0.018601 0.026455
11 0.983642 0.274556 0.031987 0.053249
11 0.414592 0.114130 0.013593 0.022046
10 0.158892 0.204049 0.024835 0.042484
