11 0.321433 0.701999 0.137292 0.227794
11 0.706423 0.210310 0.075175 0.044683
11 0.374470 0.489792 0.093025 0.154456
11 0.279832 0.378436 0.070115 0.108061
7 0.610000 0.443652 0.080929 0.153548
11 0.394812 0.374799 0.057908 0.092712
11 0.517055 0.670355 0.113238 0.226435
11 0.496845 0.328610 0.050482 0.099800
7 0.394404 0.300731 0.050158 0.085901
11 0.210829 0.922299 0.213368 0.153112
11 0.166227 0.429160 0.099250 0.127146
11 0.336081 0.268169 0.049184 0.080989
11 0.747416 0.569423 0.117316 0.156445
11 0.536047 0.246403 0.039200 0.060530
11 0.930160 0.938067 0.139680 0.120418
11 0.307272 0.223829 0.041071 0.053765
11 0.232279 0.272963 0.064101 0.086854
11 0.248308 0.302378 0.058570 0.093744
11 0.489638 0.256725 0.037740 0.063279
11 0.547917 0.209141 0.032961 0.053911
11 0.477279 0.220369 0.030450 0.051003
11 0.340986 0.185171 0.031870 0.047900
7 0.584070 0.191788 0.062811 0.052685
11 0.359739 0.168210 0.028244 0.041757
11 0.481330 0.195443 0.031116 0.043573
11 0.864288 0.232555 0.070953 0.046333
11 0.915278 0.244916 0.063189 0.048112
11 0.931275 0.258776 0.083854 0.053073
11 0.822888 0.220861 0.066062 0.049020
9 0.823108 0.501275 0.030983 0.146649
10 0.755502 0.352860 0.024172 0.089842
10 0.779916 0.355611 0.026590 0.089842
10 0.832128 0.402824 0.030457 0.098093
10 0.850982 0.374404 0.030457 0.088926
10 0.918907 0.453245 0.048345 0.105427
10 0.904403 0.596260 0.048345 0.160433
10 0.779905 0.208415 0.026127 0.043047
9 0.653980 0.180799 0.008995 0.049545
10 0.629780 0.180393 0.017989 0.045484
10 0.158892 0.204049 0.024835 0.042484
11 0.983642 0.274556 0.031987 0.053249
11 0.442781 0.141186 0.021695 0.033774
11 0.438242 0.154857 0.020597 0.033545
11 0.433759 0.164162 0.021567 0.037451
11 0.417017 0.182286 0.027286 0.045389
11 0.420774 0.202251 0.027765 0.049927
11 0.427212 0.223962 0.036344 0.056080
11 0.525788 0.175291 0.023823 0.036216
7 0.524705 0.152516 0.026383 0.043683
11 0.384226 0.142996 0.019098 0.032855
11 0.401060 0.130115 0.019295 0.028749
11 0.427246 0.122088 0.017720 0.029869
10 0.247783 0.179585 0.012798 0.041816
