11 0.810807 0.681612 0.159641 0.214614
11 0.302466 0.723759 0.139156 0.242510
11 0.201926 0.298562 0.069466 0.071525
11 0.680783 0.805102 0.153554 0.286867
11 0.486278 0.771098 0.124299 0.305608
11 0.455194 0.222890 0.055846 0.060047
11 0.691128 0.262973 0.101332 0.071645
11 0.858917 0.232555 0.081695 0.046333
11 0.915278 0.244916 0.063189 0.048112
11 0.931275 0.258776 0.083854 0.053073
11 0.361175 0.170025 0.024414 0.043573
11 0.392770 0.166394 0.028244 0.045389
11 0.434739 0.155449 0.022536 0.036503
11 0.951882 0.289562 0.086115 0.074074
10 0.972976 0.633848 0.049116 0.147591
10 0.952549 0.473913 0.037664 0.107928
9 0.828838 0.505217 0.036656 0.147184
10 0.978455 0.429655 0.036337 0.104081
9 0.653337 0.184048 0.011993 0.054418
10 0.691672 0.192170 0.017561 0.049545
10 0.686960 0.201917 0.025271 0.047921
11 0.983642 0.274556 0.031987 0.053249
10 0.160118 0.204975 0.025058 0.046698
10 0.246287 0.181624 0.013593 0.039683
11 0.404745 0.152398 0.024281 0.036683
11 0.374995 0.153157 0.020012 0.034153
11 0.385134 0.143417 0.019211 0.032888
11 0.444144 0.140043 0.017696 0.029680
11 0.491662 0.141899 0.021212 0.030864
