11 0.658008 0.660902 0.126906 0.211220
11 0.576128 0.389035 0.062837 0.108232
11 0.302062 0.235527 0.039503 0.063923
11 0.926321 0.244939 0.072737 0.054244
11 0.368129 0.203744 0.035272 0.058728
11 0.489648 0.802940 0.130554 0.306070
11 0.259339 0.891839 0.179773 0.216322
11 0.341036 0.596336 0.109633 0.200013
11 0.472686 0.266001 0.041394 0.063939
11 0.429919 0.170763 0.025860 0.041702
11 0.554227 0.184758 0.058688 0.048682
11 0.392074 0.167243 0.028640 0.042735
11 0.345064 0.185315 0.029654 0.045335
11 0.369422 0.157236 0.024414 0.038141
10 0.881531 0.389877 0.022371 0.076976
10 0.650091 0.269510 0.018975 0.064296
10 0.828889 0.430175 0.030233 0.093793
10 0.914851 0.357300 0.031475 0.086379
10 0.713293 0.247971 0.017379 0.054474
10 0.897195 0.457932 0.033019 0.102058
9 0.778315 0.219528 0.013078 0.045670
10 0.860685 0.508337 0.032164 0.136150
10 0.804403 0.313179 0.022280 0.066143
10 0.862854 0.416511 0.030681 0.090079
10 0.941136 0.558894 0.047064 0.132736
10 0.768249 0.422874 0.029915 0.093690
10 0.944001 0.456904 0.030740 0.083509
10 0.708704 0.354552 0.024333 0.074845
10 0.989002 0.519974 0.021996 0.111105
10 0.979762 0.651043 0.040371 0.116650
10 0.951073 0.422453 0.025602 0.072773
10 0.674056 0.265957 0.017513 0.060443
10 0.968900 0.536678 0.036312 0.115196
10 0.768452 0.329437 0.019689 0.057448
10 0.744014 0.305359 0.018892 0.064583
10 0.774664 0.367560 0.022288 0.065925
9 0.836513 0.527163 0.037449 0.164497
10 0.757607 0.287261 0.016170 0.058028
10 0.726191 0.328464 0.018523 0.066117
10 0.988990 0.350119 0.021805 0.089875
10 0.874405 0.404462 0.030145 0.080819
10 0.986358 0.760573 0.026632 0.179718
10 0.034420 0.329029 0.025699 0.073099
10 0.135716 0.275422 0.020131 0.073099
10 0.140214 0.246589 0.016276 0.057667
10 0.037632 0.306693 0.020131 0.067414
11 0.516225 0.148594 0.019119 0.030678
11 0.384521 0.145945 0.020443 0.033746
11 0.403273 0.154591 0.020002 0.034862
11 0.408936 0.145527 0.019561 0.030120
11 0.416216 0.133116 0.017355 0.029284
11 0.397317 0.132558 0.016913 0.027053
11 0.436953 0.155009 0.022061 0.035141
11 0.442542 0.142040 0.020296 0.030957
