11 0.142338 0.416804 0.097533 0.120959
11 0.926289 0.245565 0.072284 0.053100
11 0.363723 0.206053 0.031320 0.050101
11 0.532782 0.218523 0.033655 0.050074
11 0.338180 0.248069 0.048574 0.073786
11 0.559000 0.309078 0.050025 0.080056
11 0.294428 0.230549 0.045174 0.058884
11 0.369779 0.499746 0.084535 0.145280
11 0.480359 0.271336 0.043516 0.079547
11 0.390623 0.359154 0.058612 0.111700
11 0.489164 0.739905 0.111092 0.254766
11 0.476421 0.380797 0.062751 0.111134
11 0.730969 0.899376 0.186937 0.200462
11 0.335726 0.192476 0.032365 0.053395
11 0.063964 0.789072 0.127463 0.361616
11 0.421984 0.183661 0.029712 0.043748
11 0.521781 0.176344 0.025850 0.039869
11 0.381999 0.184096 0.028722 0.046296
10 0.857593 0.449223 0.034176 0.103583
10 0.968959 0.602403 0.047902 0.131911
10 0.918064 0.449226 0.033402 0.095835
10 0.643581 0.273115 0.019058 0.073621
10 0.835672 0.386068 0.027961 0.092266
9 0.826490 0.518584 0.033474 0.160326
10 0.898547 0.398121 0.030207 0.085941
10 0.713408 0.320867 0.023310 0.071187
10 0.788079 0.249021 0.019446 0.057939
10 0.981854 0.535538 0.036292 0.112883
10 0.770105 0.333076 0.019711 0.063797
9 0.831932 0.245990 0.012917 0.059362
10 0.750328 0.385844 0.026576 0.087780
10 0.663860 0.252296 0.015544 0.062091
10 0.807215 0.308546 0.019679 0.054400
10 0.787115 0.383930 0.027043 0.092532
10 0.725476 0.290973 0.016147 0.060156
10 0.686865 0.284634 0.019762 0.065824
10 0.804264 0.333500 0.023733 0.070354
10 0.757289 0.287338 0.020125 0.057875
10 0.750283 0.337950 0.022670 0.060706
10 0.746091 0.262319 0.016238 0.052463
10 0.688192 0.254886 0.016296 0.053196
10 0.716047 0.270104 0.015333 0.053524
10 0.706978 0.253469 0.014908 0.049806
10 0.746894 0.245370 0.016350 0.047134
10 0.717343 0.244847 0.016681 0.049439
10 0.612255 0.216624 0.016046 0.055912
10 0.627222 0.215002 0.016575 0.049269
10 0.686825 0.214195 0.013202 0.048482
10 0.651200 0.226315 0.014879 0.055238
10 0.662830 0.238635 0.015508 0.054443
9 0.574393 0.175298 0.008524 0.047081
10 0.663814 0.205901 0.011586 0.042687
10 0.652269 0.208333 0.011669 0.042216
10 0.632986 0.174278 0.009848 0.039391
11 0.374194 0.155055 0.024814 0.038960
11 0.394072 0.160114 0.027216 0.039972
11 0.430627 0.165933 0.024814 0.036936
11 0.439498 0.148604 0.021746 0.032635
11 0.412083 0.141267 0.022413 0.036177
11 0.396207 0.127353 0.020812 0.029093
11 0.442367 0.140887 0.020012 0.031876
11 0.484591 0.148857 0.021746 0.034153
