11 0.179514 0.511323 0.102182 0.165967
11 0.487813 0.415914 0.062673 0.111531
11 0.389893 0.392635 0.063707 0.109388
11 0.926345 0.246055 0.073038 0.054451
11 0.478371 0.197337 0.031509 0.057642
11 0.116716 0.457451 0.106370 0.153922
11 0.292775 0.319108 0.059297 0.091419
11 0.556240 0.269091 0.045039 0.077270
11 0.587359 0.377535 0.061771 0.092781
11 0.389303 0.306518 0.045092 0.082124
11 0.425394 0.204737 0.032550 0.054143
11 0.490814 0.253331 0.035930 0.063531
11 0.374295 0.189950 0.033152 0.054358
11 0.302661 0.248448 0.056078 0.065695
11 0.247505 0.879749 0.177033 0.240502
11 0.308018 0.214954 0.047145 0.049999
11 0.425322 0.178649 0.025371 0.042665
11 0.370270 0.149147 0.025371 0.041757
10 0.782359 0.344935 0.024657 0.083001
10 0.972856 0.519591 0.051710 0.120631
10 0.849226 0.366347 0.028451 0.066166
9 0.818051 0.514525 0.031905 0.159678
10 0.806387 0.324496 0.025181 0.073258
10 0.741940 0.292482 0.019388 0.065272
10 0.852163 0.419662 0.042740 0.098792
9 0.872871 0.279701 0.016586 0.065103
10 0.672387 0.243089 0.016396 0.058317
10 0.724757 0.307994 0.018377 0.070274
10 0.639958 0.225357 0.014558 0.054092
10 0.621436 0.226455 0.015587 0.053132
10 0.722287 0.261383 0.017027 0.061165
10 0.686096 0.216708 0.013167 0.046816
9 0.574584 0.175251 0.010280 0.052794
10 0.668155 0.225759 0.013935 0.045776
10 0.679238 0.203912 0.013057 0.049938
10 0.643851 0.213067 0.012509 0.044944
10 0.653617 0.198814 0.012509 0.043903
10 0.625362 0.213171 0.012180 0.045152
10 0.605227 0.203079 0.013825 0.046608
10 0.619876 0.192572 0.011521 0.040990
10 0.599631 0.190283 0.012948 0.046400
11 0.409046 0.147331 0.023457 0.039942
11 0.516276 0.162709 0.024414 0.036202
11 0.482590 0.162734 0.024874 0.045316
11 0.434011 0.162957 0.023237 0.038766
11 0.392463 0.132279 0.020149 0.032073
11 0.404597 0.123912 0.016178 0.022590
11 0.411951 0.114709 0.014707 0.020359
11 0.422099 0.130606 0.018237 0.025379
11 0.437247 0.149152 0.020296 0.031794
11 0.442468 0.139251 0.017796 0.028726
11 0.449086 0.125865 0.016619 0.028168
11 0.523579 0.141761 0.018825 0.028726
10 0.721002 0.238015 0.014570 0.052643
