11 0.343875 0.585998 0.103221 0.174326
11 0.250685 0.393098 0.085164 0.138868
11 0.925755 0.244270 0.073769 0.053913
11 0.565015 0.294144 0.048249 0.073941
11 0.391479 0.381762 0.058197 0.106416
11 0.388926 0.302300 0.044282 0.073297
11 0.687361 0.835540 0.158493 0.303561
11 0.479785 0.203977 0.029893 0.050922
11 0.331517 0.191777 0.035583 0.054598
11 0.352134 0.217293 0.040090 0.059974
11 0.498052 0.384676 0.060673 0.110520
11 0.055292 0.548805 0.109947 0.184695
11 0.432257 0.221784 0.037871 0.057150
11 0.472494 0.679128 0.101788 0.217531
11 0.420774 0.194081 0.024893 0.046296
11 0.394684 0.167302 0.026329 0.039942
11 0.365310 0.162484 0.027708 0.047204
11 0.531834 0.193174 0.030637 0.046296
10 0.752408 0.319811 0.022263 0.073653
10 0.709630 0.247173 0.016978 0.056284
10 0.933096 0.536170 0.043670 0.120740
9 0.788251 0.492139 0.031736 0.148649
10 0.686137 0.252003 0.016872 0.054407
10 0.902340 0.460494 0.036556 0.102677
9 0.935646 0.324825 0.020887 0.080401
10 0.664915 0.225773 0.014354 0.052033
10 0.766250 0.285562 0.022801 0.064999
10 0.691581 0.223616 0.014718 0.047603
10 0.637864 0.214624 0.011421 0.047424
9 0.575125 0.174883 0.009303 0.050942
10 0.644959 0.205350 0.012585 0.046535
10 0.642820 0.195089 0.012333 0.043194
10 0.612554 0.184708 0.011200 0.044387
10 0.592922 0.177787 0.011452 0.043433
11 0.426731 0.174810 0.027208 0.039045
11 0.431291 0.159611 0.024561 0.035977
11 0.437615 0.148873 0.021620 0.032909
11 0.489164 0.162818 0.022943 0.037372
11 0.529020 0.155567 0.022649 0.038487
11 0.480339 0.149013 0.021767 0.037093
11 0.384816 0.143574 0.020737 0.029005
11 0.416436 0.131164 0.019267 0.030399
11 0.395184 0.129630 0.018825 0.027332
11 0.447689 0.130187 0.017060 0.027889
