11 0.317248 0.661616 0.121101 0.206302
11 0.315987 0.283507 0.053540 0.087306
11 0.370456 0.482542 0.082504 0.139020
11 0.575735 0.344392 0.059061 0.104369
11 0.392319 0.373440 0.054893 0.092693
11 0.547642 0.243783 0.035764 0.055253
11 0.497402 0.284947 0.043685 0.092672
11 0.389127 0.302500 0.044620 0.073924
11 0.135437 0.575291 0.141341 0.228410
7 0.521560 0.912718 0.143096 0.174564
11 0.359845 0.216916 0.039454 0.060673
11 0.925480 0.244468 0.073540 0.052996
11 0.614439 0.522210 0.088549 0.159577
11 0.497520 0.222041 0.033176 0.050643
11 0.434772 0.226894 0.040349 0.059042
11 0.253352 0.899041 0.185141 0.201919
11 0.288822 0.237948 0.046821 0.074966
11 0.424843 0.206336 0.030159 0.056282
11 0.539972 0.189542 0.028722 0.048112
11 0.489708 0.192248 0.031595 0.057226
11 0.380563 0.188635 0.031595 0.046296
11 0.333889 0.194535 0.033031 0.050835
11 0.338436 0.158224 0.029680 0.039942
11 0.372367 0.158111 0.024893 0.040813
9 0.701090 0.508521 0.032989 0.165696
9 0.575371 0.175251 0.009277 0.047647
10 0.646270 0.197044 0.012421 0.046296
10 0.635562 0.179581 0.010708 0.040611
11 0.423545 0.184048 0.028697 0.049545
11 0.525591 0.157183 0.020279 0.034349
11 0.512794 0.136835 0.017917 0.027255
11 0.427837 0.166144 0.024808 0.038082
11 0.433940 0.156063 0.022839 0.035096
11 0.441914 0.144303 0.019492 0.033976
11 0.415531 0.134595 0.020279 0.033976
11 0.400962 0.124888 0.018704 0.029495
11 0.493391 0.167466 0.024495 0.038452
11 0.482360 0.156238 0.022224 0.038144
