11 0.341736 0.365617 0.068735 0.103869
11 0.232238 0.285787 0.071762 0.072657
11 0.595151 0.238349 0.079744 0.061386
11 0.457980 0.193248 0.042291 0.053486
7 0.513951 0.676414 0.112203 0.291823
11 0.223939 0.213582 0.064718 0.054208
11 0.677331 0.742343 0.151432 0.277774
11 0.501005 0.934428 0.160129 0.131144
11 0.339344 0.687088 0.127454 0.217256
11 0.124891 0.260584 0.073491 0.057009
11 0.429512 0.159922 0.026077 0.041263
11 0.520168 0.172338 0.031732 0.039930
11 0.900917 0.237654 0.074678 0.049927
11 0.927485 0.247640 0.075157 0.051743
11 0.949745 0.255356 0.077551 0.050835
9 0.832427 0.488712 0.026795 0.155894
10 0.292909 0.196231 0.014991 0.051170
9 0.586148 0.176063 0.010280 0.052794
11 0.440488 0.146274 0.022866 0.040710
11 0.447927 0.131126 0.017574 0.030107
11 0.478881 0.131126 0.017574 0.030107
11 0.517574 0.123741 0.015877 0.024048
9 0.677219 0.183068 0.007624 0.039683
9 0.669984 0.182394 0.006813 0.037529
