11 0.190170 0.343273 0.076885 0.102886
11 0.234873 0.419717 0.093197 0.151721
11 0.768764 0.223560 0.078967 0.052486
11 0.492258 0.411987 0.063883 0.120490
11 0.293506 0.237896 0.048135 0.063707
11 0.589601 0.347484 0.058230 0.100539
11 0.675676 0.672487 0.123354 0.216031
11 0.333066 0.192914 0.032746 0.045555
11 0.394973 0.335665 0.051059 0.074545
11 0.507323 0.290833 0.044276 0.079719
11 0.520681 0.850164 0.140124 0.280732
11 0.321909 0.711965 0.138075 0.250188
11 0.432912 0.230689 0.040897 0.062054
11 0.391549 0.405524 0.069914 0.121642
11 0.485592 0.191796 0.028965 0.048843
11 0.529473 0.225945 0.034230 0.054364
11 0.362098 0.213635 0.038328 0.058905
11 0.530807 0.187720 0.029383 0.041049
11 0.932273 0.244916 0.065583 0.051743
7 0.956926 0.249455 0.084252 0.069898
11 0.905944 0.233569 0.074200 0.052651
11 0.392052 0.173203 0.028722 0.049927
11 0.366201 0.163217 0.022021 0.039034
10 0.763425 0.316868 0.023695 0.073925
10 0.636184 0.224215 0.015277 0.048860
9 0.815184 0.502500 0.034926 0.154606
10 0.825888 0.437723 0.033961 0.092475
10 0.942652 0.577383 0.056864 0.143513
10 0.711547 0.314803 0.022762 0.072403
10 0.698144 0.249197 0.017941 0.056339
10 0.701316 0.279433 0.018426 0.055577
10 0.675849 0.218982 0.013617 0.047552
10 0.687362 0.217679 0.016227 0.048856
10 0.664304 0.191174 0.012082 0.043610
9 0.572380 0.173011 0.006801 0.049153
10 0.644931 0.200101 0.009832 0.041872
10 0.648764 0.195282 0.012499 0.043610
10 0.626891 0.206263 0.013082 0.046296
10 0.621350 0.193623 0.010832 0.043768
10 0.631724 0.180113 0.010582 0.037606
10 0.610852 0.197652 0.011665 0.045822
10 0.596228 0.198679 0.012582 0.045348
10 0.584271 0.185564 0.008832 0.041872
11 0.441093 0.145663 0.022021 0.036311
11 0.480134 0.163217 0.024893 0.040850
10 0.270130 0.173051 0.010632 0.036216
11 0.358018 0.144102 0.022545 0.038372
11 0.387656 0.137546 0.020235 0.029796
11 0.409485 0.145145 0.022764 0.031281
11 0.428181 0.125542 0.016166 0.025859
11 0.376493 0.124917 0.019025 0.028779
11 0.398103 0.129817 0.015176 0.024816
11 0.501368 0.130339 0.016496 0.025859
11 0.407396 0.118569 0.016386 0.024374
11 0.393264 0.117096 0.014736 0.019811
