11 0.631604 0.553015 0.094853 0.152831
11 0.768614 0.222936 0.079993 0.049596
11 0.570204 0.315010 0.052501 0.090409
11 0.340684 0.266950 0.047349 0.077336
11 0.264856 0.290305 0.054578 0.082064
11 0.394889 0.335188 0.050905 0.073610
11 0.509008 0.897421 0.155966 0.205157
11 0.552440 0.225482 0.034104 0.053094
11 0.352916 0.592664 0.110958 0.190661
11 0.107423 0.452884 0.108765 0.139115
11 0.257601 0.913075 0.188341 0.173850
11 0.333271 0.195457 0.035479 0.050320
11 0.254856 0.198379 0.058844 0.055563
11 0.391579 0.405121 0.069769 0.117700
11 0.433289 0.231170 0.040554 0.061558
11 0.172952 0.522322 0.133188 0.217569
11 0.501368 0.267011 0.041214 0.067595
11 0.485434 0.194776 0.030641 0.050920
11 0.489346 0.383311 0.063178 0.112339
11 0.422980 0.180096 0.029470 0.048493
11 0.390248 0.172647 0.027437 0.042374
7 0.956926 0.249455 0.084252 0.069898
11 0.899720 0.229938 0.074200 0.052651
11 0.932273 0.244916 0.065583 0.051743
11 0.876503 0.217683 0.063189 0.051743
11 0.536670 0.171544 0.025314 0.043537
11 0.495452 0.172295 0.025850 0.044481
11 0.363090 0.165033 0.026329 0.037219
11 0.333889 0.160494 0.031116 0.042665
10 0.658574 0.238361 0.017540 0.060098
10 0.929739 0.474939 0.033546 0.113783
10 0.969320 0.583818 0.052794 0.135184
9 0.797473 0.498527 0.028760 0.154397
10 0.825918 0.448666 0.033549 0.102486
10 0.629121 0.214973 0.014762 0.052392
9 0.572380 0.173011 0.006801 0.049153
10 0.597906 0.180761 0.010999 0.042978
10 0.611988 0.180761 0.009166 0.041714
10 0.632069 0.188661 0.012332 0.043610
11 0.407698 0.145874 0.021844 0.036550
11 0.380714 0.144758 0.021844 0.034925
11 0.363367 0.141407 0.019703 0.035737
11 0.394155 0.129490 0.018531 0.028168
11 0.409156 0.121681 0.015590 0.022033
11 0.429452 0.121681 0.015001 0.024264
11 0.394302 0.113314 0.016178 0.022590
11 0.488281 0.135905 0.015590 0.028168
11 0.513651 0.148176 0.018972 0.030957
11 0.519387 0.131164 0.016619 0.026495
11 0.481295 0.125586 0.016619 0.028726
