11 0.568401 0.353975 0.056198 0.092044
11 0.709598 0.462020 0.082016 0.131745
11 0.495808 0.359982 0.055089 0.095435
11 0.617630 0.552350 0.105413 0.166237
11 0.769486 0.223271 0.077771 0.050812
11 0.395028 0.335331 0.050689 0.075054
11 0.491640 0.236387 0.039150 0.070156
11 0.417674 0.201175 0.031934 0.051631
11 0.352452 0.592711 0.110295 0.187916
11 0.351165 0.224599 0.043363 0.066336
11 0.391474 0.405007 0.068931 0.116364
11 0.272111 0.869281 0.184129 0.260333
0 0.240788 0.306992 0.152493 0.252028
11 0.490784 0.570919 0.086269 0.173293
11 0.430113 0.230427 0.045125 0.062930
11 0.473643 0.185261 0.026679 0.044968
11 0.321211 0.207245 0.034322 0.047592
11 0.246588 0.199659 0.066524 0.047309
7 0.956926 0.249455 0.084252 0.069898
11 0.899720 0.229938 0.074200 0.052651
11 0.932273 0.244916 0.065583 0.051743
11 0.876264 0.219499 0.064625 0.057190
11 0.528483 0.184096 0.029680 0.046296
11 0.353494 0.175508 0.029642 0.043500
11 0.325233 0.169072 0.027248 0.039833
10 0.686677 0.251730 0.018949 0.062482
9 0.810369 0.501385 0.033708 0.152197
10 0.664075 0.206445 0.014544 0.047667
10 0.628270 0.199700 0.013131 0.045956
11 0.431683 0.157651 0.021844 0.037362
11 0.399988 0.157245 0.026984 0.039799
0 0.375753 0.137480 0.030410 0.056855
11 0.344454 0.153322 0.022581 0.034016
9 0.572380 0.173011 0.006801 0.049153
10 0.639631 0.186485 0.010280 0.043047
10 0.270130 0.173051 0.010632 0.036216
11 0.481955 0.166390 0.022386 0.041221
11 0.520806 0.153470 0.021251 0.033838
11 0.517481 0.133475 0.017844 0.027685
11 0.482685 0.146241 0.018655 0.027993
11 0.452917 0.121324 0.015898 0.024302
11 0.424529 0.128553 0.018169 0.027685
11 0.413579 0.113634 0.014438 0.024302
11 0.428503 0.119171 0.016060 0.023686
