11 0.807206 0.348792 0.081181 0.095990
11 0.394626 0.336269 0.050992 0.077468
11 0.138505 0.232160 0.083341 0.055742
11 0.352263 0.591944 0.109108 0.189199
11 0.478475 0.790563 0.123009 0.250477
11 0.680200 0.737028 0.137212 0.247596
11 0.675684 0.211778 0.077309 0.048625
11 0.417135 0.199582 0.031681 0.050679
11 0.296993 0.184459 0.033893 0.043434
11 0.271777 0.869489 0.182963 0.258812
11 0.385340 0.176249 0.026726 0.041566
11 0.391004 0.406539 0.067982 0.122664
11 0.727510 0.945260 0.186507 0.109480
11 0.252591 0.379972 0.075953 0.120919
11 0.433496 0.232702 0.042173 0.060667
11 0.323965 0.212578 0.038798 0.053150
11 0.337519 0.245195 0.049208 0.078006
11 0.041830 0.602137 0.081431 0.203472
7 0.956926 0.249455 0.084252 0.069898
11 0.886317 0.230846 0.074200 0.052651
11 0.932273 0.244916 0.065583 0.051743
11 0.847302 0.218137 0.072763 0.054466
11 0.507181 0.180465 0.027286 0.042665
11 0.481091 0.169572 0.022978 0.040850
11 0.372159 0.155303 0.024858 0.039562
9 0.596939 0.466152 0.035855 0.153593
9 0.569382 0.173011 0.006801 0.049153
10 0.270130 0.173051 0.010632 0.036216
10 0.090774 0.253803 0.014823 0.056768
11 0.417678 0.184768 0.023534 0.044628
11 0.426696 0.170066 0.024634 0.041500
11 0.436374 0.151193 0.021115 0.035452
11 0.443797 0.142538 0.018585 0.031490
11 0.421527 0.129505 0.017376 0.032533
11 0.408111 0.119077 0.017596 0.023774
11 0.484487 0.153278 0.021005 0.032950
11 0.512365 0.133884 0.017376 0.025859
11 0.483607 0.139202 0.021005 0.033992
