11 0.367042 0.464387 0.076376 0.136113
11 0.690366 0.292086 0.110458 0.073370
11 0.587333 0.196997 0.060845 0.051498
11 0.357728 0.169252 0.028598 0.042533
11 0.254277 0.270324 0.079098 0.060943
11 0.679389 0.736774 0.138944 0.245822
11 0.478303 0.790343 0.124236 0.253548
11 0.418977 0.199207 0.029421 0.051092
11 0.272759 0.869416 0.181583 0.258762
11 0.784008 0.225803 0.080593 0.049956
11 0.727491 0.945786 0.186229 0.108428
11 0.361586 0.312232 0.070276 0.091335
11 0.453963 0.227888 0.061502 0.066301
7 0.518772 0.173849 0.038737 0.051634
7 0.956926 0.249455 0.084252 0.069898
11 0.933469 0.244463 0.069891 0.050835
10 0.469397 0.309177 0.028884 0.080228
10 0.974269 0.521259 0.046128 0.123498
9 0.816415 0.481303 0.035996 0.150780
10 0.432324 0.266509 0.030600 0.066211
11 0.371291 0.154402 0.024414 0.038986
11 0.478213 0.155147 0.025459 0.042593
11 0.419121 0.179059 0.026984 0.043405
11 0.430331 0.164496 0.023251 0.037987
11 0.438648 0.151947 0.023430 0.034595
11 0.440884 0.139398 0.019317 0.029168
11 0.445981 0.129562 0.018422 0.031882
11 0.418706 0.128375 0.018243 0.029508
11 0.387137 0.137193 0.021999 0.033578
11 0.390178 0.119048 0.014130 0.023742
11 0.427943 0.103161 0.013085 0.021597
11 0.455022 0.100979 0.011026 0.018151
11 0.522752 0.148883 0.021688 0.030788
11 0.521419 0.138314 0.017084 0.024354
11 0.509666 0.129009 0.016114 0.027801
11 0.481739 0.141531 0.016236 0.028490
11 0.485313 0.133375 0.016841 0.030098
