11 0.354689 0.394412 0.067680 0.110526
11 0.416821 0.199493 0.032899 0.053397
11 0.671564 0.199145 0.064531 0.048823
11 0.679225 0.736035 0.138319 0.244033
11 0.577253 0.256464 0.085268 0.064931
11 0.478205 0.789288 0.124438 0.250251
11 0.478434 0.224619 0.059534 0.064943
11 0.591574 0.201434 0.072643 0.046117
11 0.732236 0.476977 0.086965 0.143217
11 0.158971 0.288276 0.087999 0.069577
11 0.727524 0.946190 0.186321 0.107621
11 0.739226 0.218353 0.079615 0.059091
11 0.912275 0.286480 0.096224 0.074592
11 0.242723 0.924064 0.179303 0.151873
11 0.989609 0.354128 0.020758 0.090091
11 0.357838 0.168819 0.028437 0.042590
11 0.332973 0.162810 0.024399 0.037388
11 0.395944 0.161837 0.025831 0.041794
11 0.432024 0.167756 0.027286 0.044481
11 0.371034 0.152923 0.023438 0.037146
11 0.526462 0.174662 0.036324 0.046187
7 0.490665 0.156863 0.026808 0.048112
7 0.956926 0.249455 0.084252 0.069898
11 0.910731 0.230846 0.074200 0.052651
11 0.933469 0.244463 0.069891 0.050835
9 0.840655 0.497366 0.026408 0.154974
10 0.986863 0.556519 0.025874 0.121656
10 0.194264 0.237513 0.023294 0.055216
11 0.522329 0.149013 0.021914 0.033188
11 0.518063 0.139809 0.021914 0.027610
11 0.473133 0.145527 0.020296 0.035698
11 0.436144 0.150268 0.022796 0.034583
11 0.443056 0.136881 0.018972 0.032352
11 0.381727 0.141343 0.022502 0.036256
11 0.406509 0.120984 0.017355 0.028447
11 0.424066 0.106608 0.013812 0.018381
11 0.452599 0.116947 0.013691 0.020219
11 0.409595 0.100934 0.012427 0.016266
