11 0.330495 0.342871 0.073537 0.100870
11 0.293223 0.190018 0.045072 0.044982
11 0.379906 0.486309 0.091105 0.148368
11 0.572928 0.207623 0.073022 0.047900
11 0.658566 0.210818 0.065948 0.048115
11 0.432422 0.204992 0.040893 0.055776
11 0.478231 0.789692 0.124120 0.251391
11 0.679546 0.736763 0.139587 0.247898
11 0.657928 0.256404 0.085795 0.065995
11 0.841247 0.226891 0.074128 0.054044
11 0.727638 0.945587 0.186400 0.108825
11 0.044503 0.265747 0.085277 0.064163
11 0.357928 0.168257 0.029657 0.042480
11 0.248389 0.264225 0.073650 0.074889
11 0.505850 0.191480 0.059444 0.055612
11 0.484529 0.174633 0.041131 0.044444
11 0.541435 0.171676 0.028244 0.045316
7 0.956926 0.249455 0.084252 0.069898
11 0.933469 0.244463 0.069891 0.050835
11 0.392052 0.167302 0.027765 0.043573
11 0.333596 0.161975 0.024893 0.039906
9 0.955645 0.598102 0.041769 0.175226
10 0.986026 0.566112 0.027949 0.124695
9 0.576721 0.170282 0.008117 0.044464
10 0.221273 0.189429 0.011268 0.041251
11 0.253199 0.182455 0.011268 0.042142
11 0.284734 0.150700 0.008608 0.030864
11 0.371530 0.155128 0.022021 0.034697
11 0.401369 0.157347 0.022552 0.035907
11 0.417326 0.137376 0.019148 0.029049
11 0.363286 0.134350 0.020425 0.035504
11 0.381796 0.140805 0.021276 0.033487
11 0.391051 0.134249 0.018723 0.028847
11 0.397061 0.129912 0.015425 0.025014
11 0.425464 0.123356 0.016489 0.026023
11 0.435677 0.115892 0.015212 0.026023
11 0.443655 0.101973 0.012659 0.019567
11 0.406156 0.124062 0.013829 0.023400
11 0.517642 0.157347 0.021701 0.037521
11 0.521631 0.144537 0.020318 0.034495
11 0.485781 0.151497 0.023723 0.039942
11 0.473122 0.145243 0.018404 0.036714
