11 0.291980 0.322207 0.068817 0.107976
11 0.135425 0.436113 0.108588 0.136864
11 0.636238 0.627708 0.115225 0.195435
11 0.577894 0.362178 0.059818 0.093724
11 0.541247 0.265803 0.041215 0.067630
11 0.475650 0.269013 0.040143 0.072552
11 0.286986 0.249367 0.046575 0.062643
11 0.322984 0.202462 0.035327 0.049751
11 0.367918 0.197996 0.034720 0.054318
11 0.498305 0.191777 0.030071 0.054215
11 0.420429 0.222170 0.037720 0.060543
11 0.496917 0.904562 0.155924 0.190877
11 0.274418 0.830854 0.173406 0.313527
11 0.422219 0.179577 0.029291 0.044737
11 0.474995 0.163310 0.024055 0.037797
11 0.048529 0.838713 0.093158 0.316632
11 0.961949 0.252703 0.075125 0.057259
11 0.950703 0.242647 0.072763 0.052651
11 0.364047 0.165940 0.027286 0.044481
11 0.320724 0.175018 0.032552 0.044481
10 0.879593 0.489178 0.037394 0.119422
10 0.824259 0.343703 0.023583 0.081793
10 0.764429 0.366413 0.029547 0.090515
10 0.884789 0.605209 0.048250 0.144651
9 0.842561 0.521484 0.032581 0.162178
10 0.632663 0.229873 0.015388 0.054028
10 0.671447 0.240134 0.015816 0.056553
10 0.607861 0.218401 0.012568 0.050599
10 0.652696 0.249586 0.016301 0.060106
9 0.810963 0.252378 0.015608 0.065082
10 0.686359 0.258059 0.018386 0.062780
10 0.768741 0.332570 0.023713 0.068263
10 0.697719 0.239236 0.018075 0.053017
9 0.683417 0.192585 0.010204 0.046144
10 0.085409 0.274890 0.020606 0.068807
11 0.400776 0.157085 0.025982 0.040469
11 0.435045 0.150866 0.024638 0.041624
10 0.644746 0.202515 0.010392 0.040353
10 0.646725 0.185936 0.011052 0.037225
10 0.620249 0.196415 0.009568 0.043168
10 0.601031 0.180618 0.009733 0.041604
10 0.587340 0.183433 0.009733 0.042230
10 0.622889 0.179210 0.009898 0.034409
10 0.625858 0.167793 0.009568 0.037225
11 0.526964 0.148555 0.019630 0.035035
11 0.416545 0.135199 0.020498 0.026712
11 0.477160 0.136918 0.017816 0.029429
10 0.830311 0.214286 0.027747 0.046443
10 0.574181 0.148178 0.009077 0.029974
10 0.607203 0.148475 0.006886 0.033535
11 0.509185 0.132837 0.018191 0.030057
11 0.517429 0.121540 0.016170 0.025619
11 0.492536 0.118817 0.014042 0.022593
11 0.495302 0.102881 0.013404 0.020980
11 0.478760 0.106814 0.013510 0.020374
11 0.473016 0.095316 0.010957 0.018761
11 0.443602 0.139091 0.018297 0.029250
11 0.447698 0.129004 0.017127 0.026830
11 0.451261 0.120229 0.015744 0.027838
11 0.401050 0.124667 0.017659 0.024611
11 0.411209 0.117808 0.013723 0.023400
11 0.426900 0.123154 0.016382 0.024812
11 0.434453 0.109336 0.014042 0.021786
