11 0.642616 0.606635 0.114413 0.200610
11 0.357112 0.532376 0.103285 0.177807
11 0.220504 0.484986 0.110861 0.166778
11 0.583285 0.418482 0.074303 0.120123
11 0.500245 0.630055 0.098332 0.187928
11 0.330459 0.262002 0.048321 0.073764
11 0.260383 0.273596 0.053177 0.073906
11 0.488691 0.202898 0.031440 0.058015
11 0.423748 0.225248 0.040480 0.063142
11 0.321135 0.215552 0.037770 0.055310
11 0.243480 0.920661 0.181736 0.158678
11 0.488494 0.285843 0.045054 0.086501
11 0.381655 0.178058 0.028953 0.046274
11 0.347809 0.174272 0.030150 0.043563
11 0.528762 0.172802 0.026068 0.042712
11 0.418380 0.204067 0.029680 0.044481
11 0.960551 0.253882 0.072329 0.054902
11 0.950703 0.242647 0.072763 0.052651
11 0.422210 0.175926 0.031595 0.048112
10 0.686815 0.254541 0.017732 0.063714
10 0.888589 0.607621 0.051141 0.149349
9 0.801549 0.502837 0.034498 0.154884
9 0.678024 0.193278 0.009455 0.049570
9 0.745310 0.213887 0.012359 0.054253
10 0.651704 0.185770 0.011668 0.041341
10 0.629715 0.188946 0.012485 0.045315
10 0.596371 0.167398 0.011136 0.038986
11 0.376259 0.148022 0.023085 0.034643
11 0.400282 0.157609 0.022753 0.036886
11 0.435844 0.156859 0.022753 0.035273
11 0.475991 0.142038 0.019930 0.036533
11 0.513775 0.149912 0.019432 0.035273
10 0.830311 0.214286 0.027747 0.046443
10 0.602971 0.149117 0.009084 0.031223
10 0.580544 0.148310 0.007949 0.036068
11 0.507798 0.125027 0.015472 0.026109
11 0.512199 0.105782 0.012917 0.021533
11 0.498714 0.116144 0.013768 0.023417
11 0.480262 0.122874 0.015188 0.023956
11 0.484094 0.109954 0.013768 0.025032
11 0.475498 0.103317 0.011504 0.019151
11 0.441951 0.139122 0.018354 0.030143
11 0.447483 0.127798 0.016598 0.030476
11 0.413014 0.139871 0.019496 0.028311
11 0.398655 0.126882 0.018881 0.028977
0 0.408974 0.106065 0.023185 0.049294
11 0.424211 0.125966 0.017476 0.028144
