11 0.318209 0.698234 0.122429 0.217926
11 0.118683 0.413670 0.099762 0.130837
11 0.306424 0.292862 0.056108 0.088856
11 0.571094 0.329403 0.054376 0.084704
11 0.383205 0.434236 0.081171 0.138611
11 0.504984 0.195295 0.028899 0.045948
11 0.492848 0.238367 0.034236 0.057773
11 0.490513 0.319774 0.049706 0.084777
11 0.424881 0.226932 0.039888 0.058972
11 0.500690 0.820875 0.128680 0.295527
11 0.351127 0.219654 0.040616 0.057395
11 0.555618 0.206059 0.035979 0.055215
11 0.282328 0.247730 0.047439 0.063097
11 0.239831 0.407088 0.088334 0.132595
11 0.674558 0.735533 0.134816 0.243972
11 0.380415 0.181940 0.031355 0.047805
11 0.482454 0.156586 0.023576 0.040329
11 0.961949 0.253629 0.075125 0.055407
11 0.950703 0.242647 0.072763 0.052651
11 0.419817 0.206825 0.029680 0.046296
11 0.417662 0.178649 0.031116 0.048112
11 0.359638 0.165329 0.027765 0.046296
0 0.379825 0.131427 0.033950 0.073566
11 0.429869 0.167302 0.023935 0.038126
10 0.655368 0.237018 0.016074 0.056420
9 0.818313 0.498555 0.035086 0.159723
10 0.888430 0.608554 0.050525 0.149975
9 0.671456 0.188745 0.009296 0.047075
10 0.649624 0.180946 0.009684 0.041598
10 0.830311 0.214286 0.027747 0.046443
10 0.605403 0.163313 0.009234 0.035909
10 0.273153 0.167171 0.009234 0.037690
11 0.399448 0.128888 0.013616 0.027006
11 0.410325 0.148623 0.022536 0.033238
11 0.438182 0.145952 0.019406 0.031458
11 0.445147 0.132301 0.017685 0.032051
11 0.417524 0.129630 0.018780 0.030271
11 0.428479 0.118797 0.015650 0.025819
11 0.449842 0.124139 0.015494 0.030567
11 0.412986 0.112417 0.015337 0.024929
11 0.480907 0.130075 0.018154 0.031161
11 0.478246 0.113010 0.013772 0.024929
11 0.516511 0.129630 0.017372 0.030271
11 0.504460 0.121765 0.015181 0.023445
11 0.443660 0.105888 0.011268 0.017806
11 0.458840 0.113752 0.013146 0.023445
11 0.493192 0.103662 0.012051 0.018697
11 0.505165 0.110191 0.012520 0.019884
