11 0.223463 0.295565 0.068633 0.094829
11 0.398821 0.369898 0.067720 0.117622
11 0.490545 0.326533 0.049958 0.092230
11 0.847769 0.230406 0.075774 0.050035
11 0.334310 0.259400 0.049891 0.072420
11 0.361455 0.533472 0.091402 0.158405
0 0.619408 0.402436 0.134113 0.334669
11 0.545621 0.235277 0.036715 0.056467
11 0.489047 0.233313 0.034414 0.054920
11 0.376342 0.184082 0.032213 0.050013
11 0.353295 0.173291 0.028587 0.043190
11 0.732406 0.882249 0.179983 0.235501
11 0.485163 0.178057 0.027293 0.040914
0 0.311279 0.188889 0.057129 0.115741
11 0.527706 0.166277 0.023921 0.034870
11 0.961949 0.253166 0.075125 0.056333
11 0.950703 0.242647 0.072763 0.052651
11 0.424870 0.227002 0.037511 0.057780
11 0.418058 0.206040 0.028942 0.049200
11 0.427479 0.170672 0.023438 0.039815
11 0.417560 0.179165 0.029138 0.048145
10 0.809448 0.340455 0.022130 0.082213
9 0.817664 0.499464 0.034822 0.159698
10 0.888792 0.607727 0.050851 0.149036
10 0.980683 0.583952 0.037985 0.139265
10 0.702724 0.255344 0.017212 0.059566
10 0.671413 0.263937 0.020298 0.062724
9 0.671387 0.189641 0.007769 0.046780
10 0.663718 0.240832 0.016827 0.053468
10 0.650740 0.182221 0.010754 0.039662
10 0.830881 0.211814 0.027747 0.042740
11 0.501526 0.568480 0.091553 0.163966
10 0.590976 0.153020 0.009226 0.034184
11 0.489701 0.155712 0.020156 0.030416
11 0.489772 0.137274 0.018311 0.029070
11 0.512057 0.125834 0.018027 0.028801
11 0.510211 0.111972 0.014052 0.022610
11 0.480403 0.118567 0.015472 0.027186
11 0.495236 0.107397 0.013343 0.019918
11 0.360604 0.135390 0.020582 0.034453
11 0.398006 0.156115 0.023846 0.038221
11 0.434059 0.152482 0.021007 0.035799
11 0.389126 0.134030 0.020401 0.035570
11 0.405950 0.121287 0.015180 0.024386
11 0.423693 0.127521 0.017984 0.025853
11 0.442354 0.137330 0.019338 0.035204
11 0.447237 0.130730 0.015954 0.034837
11 0.450331 0.125138 0.015760 0.030253
11 0.455649 0.116795 0.015180 0.025303
11 0.436359 0.111111 0.013537 0.021635
11 0.423354 0.105244 0.011893 0.020535
11 0.411365 0.098735 0.012473 0.020352
11 0.454440 0.096626 0.011796 0.016868
11 0.476824 0.109553 0.013053 0.024752
