11 0.384010 0.436402 0.069738 0.122173
11 0.607948 0.434554 0.071094 0.115841
11 0.202873 0.363618 0.075483 0.108596
11 0.482268 0.265221 0.043182 0.074274
11 0.845627 0.230736 0.076982 0.049943
11 0.305046 0.268946 0.055782 0.083201
11 0.719224 0.892456 0.183450 0.215087
11 0.399132 0.329439 0.055551 0.107028
0 0.545592 0.189822 0.053186 0.113661
11 0.161303 0.593355 0.144387 0.242633
11 0.339909 0.186196 0.034944 0.051558
11 0.385356 0.180238 0.027325 0.042643
11 0.574116 0.287191 0.047138 0.078465
11 0.487937 0.408335 0.069183 0.128311
11 0.484492 0.213450 0.033381 0.051592
11 0.250205 0.242684 0.050814 0.071582
0 0.035487 0.542318 0.070975 0.372834
11 0.478872 0.170645 0.024753 0.040927
11 0.962681 0.258976 0.075486 0.059488
11 0.951882 0.242420 0.075462 0.052197
11 0.424870 0.227002 0.037511 0.057780
11 0.419346 0.207750 0.028942 0.049200
11 0.428630 0.170229 0.023438 0.039815
11 0.417560 0.179165 0.029138 0.048145
10 0.666938 0.225443 0.014264 0.052831
9 0.819057 0.504731 0.030149 0.153664
10 0.887845 0.607884 0.050770 0.149389
9 0.671704 0.188917 0.008588 0.044512
10 0.624348 0.189503 0.010802 0.041183
10 0.650199 0.182469 0.009184 0.038310
10 0.619522 0.169847 0.010357 0.034294
10 0.597574 0.154882 0.009207 0.034917
10 0.585408 0.153167 0.008878 0.037099
11 0.377105 0.149043 0.020879 0.033047
11 0.359912 0.142745 0.021701 0.034605
11 0.410811 0.141944 0.020386 0.033358
10 0.830311 0.214286 0.027747 0.046443
11 0.519840 0.142309 0.017521 0.032004
11 0.512175 0.123253 0.015331 0.024186
11 0.486150 0.147440 0.019454 0.031516
11 0.488018 0.132903 0.018037 0.027851
11 0.488920 0.123742 0.013914 0.020766
11 0.488018 0.114214 0.012626 0.017834
11 0.499807 0.106885 0.012755 0.022721
11 0.478614 0.106762 0.012883 0.022965
11 0.434166 0.153792 0.020613 0.032982
11 0.439770 0.141088 0.020227 0.034936
11 0.445696 0.133270 0.016362 0.034447
11 0.448466 0.128017 0.015718 0.032249
11 0.453942 0.123131 0.014301 0.027362
11 0.382310 0.120322 0.016620 0.028095
11 0.406595 0.122032 0.016233 0.025652
11 0.430945 0.116779 0.014172 0.024919
11 0.422700 0.107862 0.014429 0.020766
11 0.447693 0.099800 0.011853 0.018323
11 0.409365 0.103586 0.011209 0.016613
11 0.439384 0.109694 0.010693 0.018567
