11 0.177579 0.347968 0.085877 0.119789
11 0.481032 0.310970 0.048333 0.086463
11 0.547117 0.217802 0.031535 0.048901
11 0.396366 0.323218 0.054466 0.093865
11 0.487069 0.183047 0.026909 0.047241
11 0.546186 0.276623 0.046367 0.064820
11 0.356429 0.220414 0.037470 0.057805
11 0.846640 0.229667 0.076279 0.050043
11 0.481137 0.571398 0.081234 0.165471
0 0.629867 0.485431 0.158944 0.363118
11 0.282801 0.195079 0.048490 0.052720
11 0.238374 0.424162 0.088172 0.128186
11 0.303661 0.225537 0.037959 0.055850
11 0.346266 0.149565 0.026039 0.038236
11 0.388894 0.404502 0.058925 0.107172
11 0.533862 0.171874 0.024689 0.039707
11 0.961949 0.253629 0.075125 0.055407
11 0.950703 0.242647 0.072763 0.052651
0 0.527100 0.131944 0.030311 0.070194
11 0.375732 0.149537 0.022949 0.037037
11 0.401367 0.151389 0.022461 0.035185
11 0.424870 0.227002 0.037511 0.057780
11 0.419466 0.206633 0.028942 0.049200
11 0.428454 0.171189 0.023438 0.039815
11 0.417560 0.179165 0.029138 0.048145
9 0.789561 0.488297 0.032837 0.159119
10 0.830658 0.365807 0.027810 0.087128
10 0.945077 0.494003 0.045366 0.122797
10 0.730557 0.281612 0.023003 0.071589
10 0.861423 0.470174 0.038227 0.115185
10 0.888495 0.608636 0.051823 0.151854
9 0.671896 0.188922 0.009763 0.045628
9 0.750716 0.222098 0.013510 0.056659
10 0.731786 0.249096 0.019655 0.043568
10 0.650740 0.183146 0.010216 0.039438
10 0.830311 0.214286 0.027747 0.046443
11 0.453133 0.123325 0.014439 0.027021
11 0.445058 0.134674 0.016909 0.036749
11 0.439358 0.141879 0.020329 0.036749
11 0.448383 0.129630 0.017099 0.033146
11 0.434035 0.155894 0.021754 0.036503
11 0.417055 0.136307 0.019406 0.028787
11 0.396084 0.129926 0.019093 0.027303
11 0.403048 0.121765 0.015494 0.022258
11 0.392093 0.116127 0.015807 0.024038
11 0.475429 0.157526 0.022536 0.038580
11 0.482550 0.145655 0.017998 0.031458
11 0.477699 0.131262 0.016120 0.024632
11 0.486619 0.125178 0.014555 0.026116
11 0.489123 0.119539 0.014242 0.023742
11 0.426680 0.118797 0.017372 0.024632
11 0.437478 0.109598 0.012364 0.020477
11 0.420185 0.112120 0.013772 0.021368
