11 0.474493 0.443477 0.071961 0.135370
11 0.324249 0.272922 0.048598 0.075704
11 0.249132 0.202388 0.054714 0.056240
0 0.637710 0.481373 0.183913 0.430349
11 0.456009 0.851621 0.148661 0.296758
11 0.305136 0.219207 0.040343 0.057666
11 0.369790 0.202523 0.035211 0.054191
11 0.483551 0.228457 0.032063 0.055387
11 0.847330 0.232335 0.076495 0.054775
0 0.545704 0.210311 0.051958 0.125612
11 0.350155 0.176727 0.028233 0.043516
11 0.473526 0.188543 0.027363 0.044818
11 0.961949 0.253629 0.075125 0.055407
11 0.950703 0.242647 0.072763 0.052651
11 0.424870 0.227002 0.037511 0.057780
11 0.418058 0.206040 0.028942 0.049200
11 0.429036 0.171401 0.023438 0.039815
11 0.417560 0.179165 0.029138 0.048145
10 0.701762 0.246774 0.017550 0.054809
10 0.879320 0.455530 0.035770 0.112336
10 0.742162 0.307272 0.023494 0.073243
10 0.888589 0.608599 0.051003 0.150213
9 0.737733 0.496971 0.030602 0.145824
10 0.644586 0.222334 0.013612 0.051532
9 0.671188 0.190372 0.009138 0.050275
9 0.805926 0.262183 0.015139 0.063537
10 0.621509 0.183187 0.013161 0.039386
10 0.650740 0.183146 0.010754 0.041514
11 0.393992 0.159682 0.026127 0.038174
11 0.368935 0.156027 0.023129 0.037362
11 0.344949 0.152372 0.023986 0.036550
10 0.830311 0.214286 0.027747 0.046443
10 0.646355 0.208351 0.012920 0.046476
11 0.529320 0.154489 0.018999 0.030264
11 0.522195 0.137015 0.017289 0.029903
0 0.521625 0.113237 0.023749 0.055844
11 0.491443 0.167639 0.025702 0.039271
11 0.487331 0.145302 0.021279 0.035668
11 0.473747 0.137556 0.019189 0.033146
11 0.453133 0.123325 0.014439 0.027021
11 0.445058 0.134674 0.016909 0.036749
11 0.439358 0.141879 0.020329 0.036749
11 0.448383 0.129630 0.017099 0.033146
11 0.433848 0.155210 0.021469 0.037469
11 0.411239 0.143681 0.020329 0.035308
11 0.424634 0.125667 0.016339 0.026661
11 0.400030 0.129990 0.018429 0.026661
11 0.409719 0.118641 0.015009 0.023418
11 0.385020 0.120442 0.016529 0.025580
11 0.398971 0.109454 0.014033 0.020176
11 0.388894 0.404502 0.058925 0.107172
11 0.396366 0.323218 0.054466 0.093865
