11 0.291684 0.721066 0.137693 0.230238
11 0.220384 0.343526 0.075715 0.101147
11 0.313138 0.273692 0.054581 0.084060
11 0.282345 0.195790 0.044302 0.044434
11 0.846024 0.229086 0.077537 0.046719
11 0.839505 0.749710 0.178802 0.252432
11 0.356553 0.219256 0.037635 0.062203
11 0.499091 0.763538 0.119678 0.277853
11 0.264735 0.263148 0.051762 0.068565
0 0.555101 0.220189 0.068613 0.147939
11 0.477878 0.276132 0.042064 0.077961
11 0.112379 0.643061 0.165424 0.244327
11 0.728107 0.915481 0.179338 0.169038
11 0.478458 0.219607 0.032786 0.054507
11 0.482947 0.185671 0.023813 0.043205
11 0.419434 0.206019 0.029297 0.040741
11 0.417480 0.181019 0.029297 0.048148
11 0.428955 0.170833 0.022949 0.040741
11 0.424117 0.226572 0.040438 0.057774
11 0.382324 0.179630 0.028320 0.043519
11 0.357422 0.172222 0.028320 0.043519
11 0.337145 0.158932 0.026367 0.043519
11 0.950703 0.242647 0.072763 0.052651
11 0.961949 0.253629 0.075125 0.055407
10 0.780623 0.325294 0.026286 0.075686
10 0.655302 0.234689 0.016830 0.054665
10 0.714808 0.265529 0.019750 0.063304
9 0.871755 0.297238 0.015062 0.077610
10 0.889925 0.608760 0.052032 0.143821
9 0.604906 0.484510 0.042054 0.156729
9 0.670841 0.189892 0.011278 0.053971
10 0.992062 0.583976 0.015453 0.142942
10 0.650740 0.183146 0.011320 0.043699
10 0.605152 0.182083 0.011565 0.040741
0 0.527001 0.149053 0.030621 0.079253
10 0.830311 0.214286 0.027747 0.046443
11 0.433722 0.155152 0.020815 0.036206
11 0.439358 0.141879 0.020329 0.036749
11 0.448383 0.129630 0.017099 0.033146
11 0.445058 0.134674 0.016909 0.036749
11 0.453133 0.123325 0.014439 0.027021
10 0.218535 0.186106 0.013805 0.039752
11 0.378188 0.147723 0.023465 0.031737
11 0.365938 0.135944 0.020705 0.031737
11 0.418994 0.131527 0.018807 0.029446
11 0.475068 0.169644 0.022602 0.037626
11 0.488699 0.156557 0.020877 0.035663
11 0.487146 0.140361 0.019842 0.032064
11 0.473429 0.132836 0.016219 0.030755
0 0.518979 0.106498 0.020705 0.053331
11 0.435902 0.114187 0.014666 0.022903
11 0.411402 0.116968 0.014666 0.022576
10 0.609389 0.168008 0.009662 0.037626
11 0.388894 0.404502 0.058925 0.107172
11 0.396366 0.323218 0.054466 0.093865
