11 0.738284 0.421074 0.063770 0.110359
11 0.143739 0.225323 0.076027 0.055009
11 0.318772 0.279366 0.054462 0.078865
11 0.808557 0.320103 0.087475 0.086669
11 0.348470 0.530065 0.095367 0.154343
11 0.348322 0.183759 0.031029 0.045577
11 0.846304 0.228971 0.076609 0.046290
11 0.690242 0.812710 0.156756 0.281365
11 0.498884 0.761343 0.121698 0.279508
11 0.295940 0.229519 0.043150 0.061176
11 0.473476 0.202003 0.030951 0.057576
11 0.067778 0.829769 0.135557 0.335937
11 0.271755 0.195888 0.049460 0.053400
0 0.526406 0.128812 0.032425 0.071699
11 0.488303 0.164234 0.021889 0.038433
11 0.372027 0.152960 0.026004 0.036294
11 0.025151 0.653480 0.049714 0.210341
11 0.474035 0.176430 0.026425 0.041217
11 0.418945 0.202315 0.029297 0.040741
11 0.417480 0.181019 0.029297 0.048148
11 0.428955 0.170833 0.022949 0.040741
11 0.425582 0.226572 0.040438 0.057774
11 0.950703 0.242647 0.072763 0.052651
11 0.961949 0.253629 0.075125 0.055407
10 0.927339 0.585393 0.043916 0.131691
10 0.616738 0.204154 0.014431 0.049478
10 0.947121 0.504173 0.040833 0.120161
10 0.887004 0.608489 0.049745 0.157241
9 0.658748 0.493616 0.031060 0.155535
10 0.642272 0.207371 0.012350 0.047630
9 0.667043 0.190903 0.009145 0.052548
10 0.651794 0.182405 0.011320 0.039995
10 0.632699 0.176422 0.011197 0.035493
10 0.592137 0.172849 0.009643 0.039765
10 0.830311 0.214286 0.027747 0.046443
11 0.433722 0.155152 0.020815 0.036206
11 0.439358 0.141879 0.020329 0.036749
11 0.448383 0.129630 0.017099 0.033146
11 0.445058 0.134674 0.016909 0.036749
11 0.453133 0.123325 0.014439 0.027021
10 0.250220 0.183852 0.011400 0.043594
11 0.407077 0.129186 0.018618 0.027089
11 0.426573 0.123190 0.016862 0.025757
11 0.413283 0.115863 0.015105 0.021760
11 0.421772 0.108202 0.012646 0.020206
11 0.427568 0.100653 0.011358 0.017986
11 0.408072 0.102873 0.013115 0.021094
11 0.480260 0.145284 0.018852 0.029088
11 0.480670 0.129963 0.016393 0.026423
11 0.486759 0.118971 0.015222 0.026645
11 0.476923 0.112199 0.012178 0.022871
0 0.518843 0.111755 0.022248 0.051292
11 0.388894 0.404502 0.058925 0.107172
11 0.396366 0.323218 0.054466 0.093865
