11 0.156506 0.389657 0.091226 0.118186
11 0.599560 0.446216 0.076028 0.122136
11 0.348452 0.530720 0.096491 0.155656
11 0.844237 0.231481 0.078253 0.050440
11 0.278792 0.256165 0.052244 0.072617
11 0.493759 0.359266 0.058071 0.110840
11 0.371562 0.189499 0.030830 0.044840
11 0.702152 0.885396 0.169731 0.229208
11 0.460849 0.952236 0.164394 0.093735
11 0.471514 0.168012 0.025722 0.042679
11 0.031704 0.249809 0.062914 0.065556
11 0.394326 0.164711 0.027411 0.039628
11 0.417969 0.202315 0.029297 0.040741
11 0.417480 0.181019 0.029297 0.048148
11 0.427002 0.170370 0.026855 0.041667
11 0.425093 0.226572 0.040438 0.057774
11 0.950703 0.242647 0.072763 0.052651
11 0.961949 0.253629 0.075125 0.055407
10 0.893521 0.449360 0.033809 0.107143
10 0.729842 0.317148 0.022631 0.075024
9 0.737523 0.497276 0.028528 0.160228
10 0.883293 0.602714 0.049488 0.150986
10 0.925071 0.509419 0.041099 0.109521
10 0.927977 0.588143 0.047473 0.136862
10 0.712460 0.285805 0.019379 0.063366
9 0.662154 0.188114 0.012676 0.052490
10 0.647156 0.178670 0.012543 0.042864
10 0.166714 0.251529 0.016597 0.062946
0 0.521104 0.116290 0.028138 0.057282
10 0.830311 0.214286 0.027747 0.046443
11 0.433722 0.155152 0.020815 0.036206
11 0.439358 0.141879 0.020329 0.036749
11 0.448383 0.129630 0.017099 0.033146
11 0.445058 0.134674 0.016909 0.036749
11 0.453133 0.123325 0.014439 0.027021
10 0.285939 0.151066 0.009120 0.031345
11 0.376186 0.148364 0.022039 0.031705
11 0.373336 0.128369 0.018619 0.031345
10 0.312823 0.144041 0.008550 0.028823
11 0.395945 0.131791 0.020139 0.028102
11 0.410954 0.114858 0.015959 0.023779
11 0.426534 0.106031 0.012540 0.019816
11 0.478497 0.150706 0.021469 0.037109
11 0.492461 0.140258 0.016339 0.029903
11 0.482866 0.128008 0.015769 0.027742
11 0.479542 0.114318 0.013679 0.021257
11 0.489421 0.102608 0.012160 0.020896
11 0.475172 0.098645 0.011400 0.018735
10 0.581663 0.149085 0.008550 0.028102
10 0.594772 0.152147 0.008930 0.033506
10 0.613106 0.156471 0.008360 0.035668
11 0.388894 0.404502 0.058925 0.107172
11 0.396366 0.323218 0.054466 0.093865
