11 0.695314 0.816667 0.139456 0.245483
11 0.347848 0.532343 0.097057 0.155280
11 0.593294 0.433494 0.076481 0.120156
11 0.541879 0.209452 0.033078 0.048025
11 0.181116 0.475773 0.109260 0.154425
11 0.840302 0.230060 0.079433 0.048971
11 0.467650 0.529860 0.084126 0.160881
11 0.487876 0.317853 0.047769 0.085964
11 0.274147 0.253635 0.048836 0.065266
11 0.321246 0.168923 0.030053 0.043361
11 0.289411 0.335610 0.066596 0.100816
11 0.335046 0.197667 0.035912 0.050156
11 0.554436 0.278243 0.041521 0.067245
11 0.377165 0.147337 0.025095 0.036510
11 0.504095 0.172194 0.026506 0.048872
11 0.418701 0.206481 0.028809 0.049074
11 0.416316 0.184713 0.031625 0.055537
11 0.427490 0.169907 0.025879 0.042593
11 0.426070 0.229350 0.040438 0.057774
11 0.950703 0.242647 0.072763 0.052651
11 0.961949 0.253629 0.075125 0.055407
9 0.746002 0.494583 0.032620 0.160136
10 0.882978 0.600685 0.047932 0.149876
10 0.734919 0.290413 0.023794 0.067177
10 0.677313 0.262904 0.018664 0.060114
10 0.926739 0.584403 0.046535 0.131720
10 0.677952 0.239665 0.016173 0.047037
10 0.628613 0.204550 0.012253 0.048898
10 0.613387 0.185821 0.010664 0.039594
9 0.644235 0.187606 0.010033 0.051986
11 0.410363 0.140810 0.021844 0.033658
10 0.830311 0.214286 0.027747 0.046443
11 0.433722 0.155152 0.020815 0.036206
11 0.439358 0.141879 0.020329 0.036749
11 0.448383 0.129630 0.017099 0.033146
11 0.445058 0.134674 0.016909 0.036749
11 0.453133 0.123325 0.014439 0.027021
10 0.210271 0.206059 0.012983 0.046029
10 0.248657 0.196425 0.011854 0.042817
10 0.274058 0.186256 0.011854 0.042817
10 0.279986 0.159762 0.009596 0.038000
10 0.310044 0.139692 0.007621 0.031043
11 0.426499 0.104371 0.013803 0.021594
11 0.435989 0.097173 0.011042 0.017013
11 0.411575 0.101263 0.011905 0.017341
11 0.473947 0.136926 0.018289 0.031737
11 0.481366 0.127274 0.015873 0.030101
11 0.492063 0.120567 0.013113 0.024539
11 0.482574 0.110041 0.012768 0.020069
11 0.475241 0.099954 0.012250 0.016686
11 0.517513 0.102735 0.021222 0.048423
11 0.388894 0.404502 0.058925 0.107172
11 0.396366 0.323218 0.054466 0.093865
