11 0.581703 0.302423 0.052939 0.088439
11 0.486026 0.562695 0.092500 0.166826
11 0.348149 0.532613 0.097091 0.152777
11 0.840798 0.229866 0.077368 0.049496
11 0.555143 0.219831 0.034674 0.049857
7 0.498253 0.247045 0.039479 0.073605
11 0.274358 0.260168 0.055439 0.075272
11 0.373810 0.192348 0.032219 0.047946
11 0.611361 0.528220 0.093589 0.165795
11 0.494261 0.178237 0.025542 0.042667
11 0.419434 0.206019 0.029297 0.040741
11 0.416317 0.184539 0.031624 0.055190
11 0.428955 0.170833 0.022949 0.040741
11 0.424117 0.226572 0.040438 0.057774
11 0.950703 0.242647 0.072763 0.052651
11 0.961949 0.253629 0.075125 0.055407
9 0.754700 0.498441 0.027786 0.156941
10 0.668965 0.239923 0.019653 0.060686
10 0.882660 0.602261 0.049500 0.150923
10 0.927563 0.587204 0.048466 0.135931
10 0.922108 0.457717 0.036949 0.107357
9 0.594577 0.176401 0.009913 0.051036
10 0.165819 0.225620 0.013887 0.053517
10 0.175002 0.217125 0.016127 0.051818
11 0.527258 0.154922 0.019154 0.033073
9 0.126508 0.205166 0.010280 0.046296
10 0.830311 0.214286 0.027747 0.046443
10 0.269695 0.155750 0.009310 0.034947
11 0.433722 0.155152 0.020815 0.036206
11 0.439358 0.141879 0.020329 0.036749
11 0.448383 0.129630 0.017099 0.033146
11 0.445058 0.134674 0.016909 0.036749
11 0.453133 0.123325 0.014439 0.027021
10 0.597242 0.149625 0.007410 0.034947
10 0.584703 0.143681 0.008170 0.031705
11 0.510415 0.139718 0.018809 0.028823
11 0.520960 0.126027 0.015959 0.025940
11 0.511365 0.118461 0.013869 0.020176
11 0.510700 0.111616 0.013679 0.022338
0 0.513822 0.093962 0.017643 0.041793
11 0.484196 0.135574 0.017669 0.027742
11 0.482391 0.118281 0.015199 0.024139
11 0.473747 0.108913 0.013869 0.024859
11 0.395090 0.113777 0.013489 0.019455
11 0.408959 0.105311 0.011970 0.019095
11 0.428434 0.116659 0.014439 0.022338
11 0.426534 0.104590 0.011400 0.016933
11 0.437363 0.101347 0.011020 0.016213
11 0.388894 0.404502 0.058925 0.107172
11 0.396366 0.323218 0.054466 0.093865
