11 0.633567 0.626918 0.109652 0.184336
11 0.353058 0.518169 0.093156 0.148551
11 0.389890 0.395388 0.058817 0.105316
11 0.541462 0.318499 0.051765 0.084605
11 0.543297 0.221072 0.034456 0.052837
11 0.827896 0.229472 0.078273 0.050526
11 0.398014 0.316476 0.051965 0.086605
11 0.476141 0.946173 0.159090 0.105239
11 0.353254 0.176489 0.028957 0.040879
11 0.500019 0.254041 0.042500 0.074933
11 0.484769 0.382431 0.059323 0.112525
11 0.490764 0.193769 0.026798 0.042153
11 0.488937 0.164477 0.024594 0.036066
0 0.828091 0.870038 0.342841 0.256743
11 0.030226 0.840909 0.060402 0.291321
11 0.419434 0.206019 0.029297 0.040741
11 0.416705 0.185364 0.030848 0.056840
11 0.428955 0.170833 0.022949 0.040741
11 0.424117 0.226572 0.040438 0.057774
11 0.927227 0.226872 0.066101 0.042888
11 0.402473 0.155303 0.022638 0.036195
11 0.950703 0.242647 0.072763 0.052651
11 0.961949 0.253629 0.075125 0.055407
10 0.883230 0.601476 0.048470 0.148034
10 0.929051 0.587438 0.047477 0.133870
9 0.743255 0.476485 0.035837 0.148666
9 0.576424 0.173655 0.010295 0.048389
10 0.618672 0.182422 0.010876 0.040653
9 0.036561 0.253899 0.014563 0.059292
11 0.433722 0.155152 0.020815 0.036206
11 0.439358 0.141879 0.020329 0.036749
11 0.448383 0.129630 0.017099 0.033146
11 0.445058 0.134674 0.016909 0.036749
11 0.453133 0.123325 0.014439 0.027021
10 0.223181 0.198352 0.014285 0.045075
10 0.247244 0.170597 0.011358 0.036193
11 0.357722 0.144951 0.021545 0.031086
11 0.380555 0.128186 0.017564 0.026423
11 0.386995 0.119416 0.014754 0.026201
11 0.410063 0.120082 0.014754 0.025757
11 0.421596 0.125966 0.016510 0.027756
11 0.432252 0.113087 0.013934 0.021538
11 0.517145 0.150280 0.021194 0.035527
11 0.526395 0.137734 0.019320 0.033529
7 0.491560 0.129852 0.017096 0.033751
11 0.515915 0.125855 0.013817 0.021316
11 0.493082 0.117195 0.014988 0.019540
11 0.485764 0.113753 0.012763 0.021094
11 0.472356 0.104317 0.012178 0.021760
10 0.601862 0.159495 0.008899 0.036637
