11 0.160211 0.268392 0.081232 0.060116
11 0.669443 0.735092 0.141000 0.247883
11 0.562882 0.272715 0.092608 0.068170
11 0.833145 0.222269 0.067784 0.049500
11 0.466653 0.239177 0.065079 0.059819
11 0.241374 0.288799 0.074250 0.076112
11 0.499698 0.713509 0.131860 0.274523
11 0.735535 0.221060 0.073854 0.045871
11 0.416439 0.192085 0.030947 0.055046
11 0.352496 0.174748 0.028905 0.041255
11 0.029966 0.266449 0.059494 0.061385
11 0.478523 0.197796 0.027784 0.044335
11 0.490766 0.177943 0.022718 0.040345
11 0.526329 0.164701 0.022034 0.036867
11 0.392052 0.168664 0.024893 0.044481
11 0.364949 0.160826 0.021063 0.035403
11 0.339910 0.158678 0.026769 0.040850
11 0.426242 0.172295 0.025850 0.037219
11 0.961949 0.253629 0.075125 0.055407
11 0.950703 0.242647 0.072763 0.052651
11 0.508717 0.975773 0.165370 0.048454
10 0.468661 0.319016 0.029123 0.080960
9 0.672251 0.434472 0.025289 0.139477
10 0.329885 0.215006 0.016764 0.053402
10 0.536816 0.333522 0.029295 0.080176
9 0.595343 0.176521 0.009364 0.050518
0 0.526026 0.131707 0.026599 0.061990
11 0.431416 0.159795 0.020815 0.036206
11 0.436916 0.143736 0.020329 0.036749
11 0.444206 0.136019 0.016909 0.036749
11 0.446396 0.130437 0.017099 0.033146
11 0.453133 0.123325 0.014439 0.027021
11 0.467996 0.133155 0.016433 0.027374
11 0.376912 0.146991 0.024571 0.036503
11 0.387398 0.137049 0.019250 0.030271
11 0.401639 0.124436 0.018311 0.028787
11 0.402813 0.151146 0.023162 0.036503
11 0.412203 0.145097 0.017841 0.031387
11 0.417837 0.136752 0.017528 0.030864
11 0.427071 0.122062 0.014398 0.022851
11 0.428558 0.109152 0.012990 0.020180
11 0.436774 0.101733 0.011581 0.020180
11 0.482941 0.160494 0.021597 0.037393
