11 0.891632 0.220652 0.070890 0.050597
11 0.668964 0.734105 0.142182 0.246689
11 0.352586 0.174943 0.029732 0.043972
11 0.621711 0.248634 0.095208 0.073297
11 0.646429 0.210860 0.071439 0.047234
11 0.499587 0.714531 0.131496 0.273981
11 0.759091 0.216871 0.069736 0.050214
11 0.438592 0.212548 0.043850 0.054098
11 0.277097 0.193391 0.050622 0.050259
11 0.475304 0.186103 0.025041 0.043413
11 0.393726 0.167591 0.027890 0.043553
11 0.424269 0.174125 0.024981 0.041488
11 0.987815 0.288057 0.023678 0.067149
11 0.489771 0.169039 0.024458 0.039736
11 0.526808 0.165940 0.024414 0.037219
11 0.364287 0.159132 0.022978 0.034495
11 0.961949 0.253629 0.075125 0.055407
11 0.950703 0.242647 0.072763 0.052651
11 0.508717 0.975773 0.165370 0.048454
10 0.290480 0.260131 0.021536 0.062792
10 0.498459 0.264390 0.029813 0.065484
9 0.765080 0.456747 0.027863 0.140256
10 0.248973 0.246115 0.020732 0.058856
9 0.621407 0.177348 0.009878 0.047644
0 0.526690 0.130740 0.028552 0.061990
10 0.830311 0.214286 0.027747 0.046443
11 0.433657 0.150724 0.024238 0.038636
11 0.469488 0.126299 0.015105 0.025313
11 0.443669 0.137734 0.018501 0.034861
11 0.450870 0.127964 0.016276 0.029976
11 0.483246 0.155498 0.019906 0.037526
11 0.375403 0.147726 0.022248 0.034861
11 0.384068 0.141398 0.020140 0.031086
11 0.394372 0.132294 0.019438 0.032419
11 0.402686 0.152167 0.022482 0.040190
11 0.412229 0.143729 0.017915 0.030420
11 0.416737 0.137068 0.015925 0.030420
11 0.421421 0.129519 0.015456 0.026867
11 0.427919 0.121747 0.014168 0.025535
11 0.431549 0.111755 0.014168 0.024647
