7 0.890340 0.301462 0.098777 0.084195
11 0.193735 0.260072 0.093171 0.058334
11 0.515593 0.282548 0.101789 0.078345
11 0.279977 0.234190 0.082629 0.061540
11 0.668783 0.735026 0.143421 0.246249
11 0.613817 0.212032 0.071526 0.055188
11 0.063490 0.272277 0.095598 0.068020
11 0.955930 0.267375 0.086345 0.063777
11 0.690993 0.284803 0.108472 0.068481
11 0.500029 0.714371 0.132403 0.273630
11 0.503906 0.159757 0.028242 0.034952
11 0.543096 0.186988 0.049245 0.039055
11 0.776238 0.255867 0.093742 0.063329
11 0.253088 0.872933 0.182595 0.254133
11 0.525645 0.220230 0.085650 0.060343
11 0.651040 0.264117 0.081575 0.068126
11 0.648639 0.242647 0.083295 0.059913
11 0.885838 0.229484 0.077072 0.055374
11 0.508717 0.975773 0.165370 0.048454
10 0.923943 0.605594 0.046543 0.146896
10 0.967852 0.594164 0.043785 0.145183
9 0.832129 0.524326 0.040187 0.160336
9 0.655874 0.184610 0.009878 0.047644
10 0.827802 0.210844 0.021104 0.042765
11 0.352036 0.174838 0.028175 0.043506
11 0.364279 0.160605 0.022248 0.034861
11 0.375578 0.148281 0.023536 0.036859
11 0.383014 0.140954 0.020609 0.031974
11 0.392206 0.133848 0.019789 0.031530
11 0.398974 0.123699 0.016159 0.024127
11 0.427392 0.118638 0.014051 0.025091
11 0.424348 0.124079 0.014754 0.024869
11 0.421596 0.129852 0.014403 0.025757
11 0.417439 0.135958 0.015925 0.025979
11 0.412229 0.144618 0.017915 0.031308
11 0.402861 0.153166 0.021662 0.040412
11 0.393641 0.167038 0.025869 0.040148
11 0.429762 0.164925 0.025226 0.035729
11 0.436116 0.152722 0.020726 0.035971
11 0.440292 0.144235 0.022131 0.033751
10 0.169324 0.202104 0.014572 0.043630
11 0.478177 0.127979 0.017501 0.031170
11 0.517288 0.112945 0.014310 0.024936
11 0.505685 0.106802 0.013343 0.021452
11 0.486928 0.105611 0.011603 0.020535
11 0.451249 0.110928 0.013537 0.023102
11 0.445254 0.135222 0.017404 0.029886
11 0.409721 0.116612 0.014213 0.020902
11 0.408899 0.101118 0.013343 0.019619
11 0.431865 0.098431 0.012098 0.017722
11 0.451389 0.096714 0.011157 0.016760
11 0.456967 0.090326 0.010287 0.016073
11 0.437299 0.089570 0.009780 0.016485
