11 0.193768 0.260453 0.093277 0.058534
11 0.504673 0.225359 0.081497 0.062255
11 0.584117 0.194110 0.062876 0.050787
11 0.647871 0.246040 0.084256 0.063094
11 0.668828 0.736289 0.143129 0.249303
11 0.499868 0.715020 0.132137 0.274428
11 0.805809 0.225966 0.085681 0.050055
11 0.777028 0.254917 0.093358 0.063141
11 0.065807 0.271916 0.094331 0.068872
11 0.692632 0.209005 0.069030 0.043464
11 0.966207 0.254089 0.067390 0.059195
11 0.253002 0.872950 0.182967 0.254101
11 0.924784 0.264041 0.086751 0.060348
11 0.027339 0.251936 0.054677 0.064177
11 0.489541 0.140015 0.018611 0.029734
11 0.508717 0.975773 0.165370 0.048454
10 0.924229 0.605944 0.046126 0.147234
10 0.968224 0.594692 0.042953 0.144924
9 0.832381 0.523735 0.040524 0.162220
9 0.655874 0.184610 0.009878 0.047644
10 0.859763 0.212489 0.027188 0.047348
11 0.352036 0.174838 0.028175 0.043506
11 0.364279 0.160605 0.022248 0.034861
11 0.375578 0.148281 0.023536 0.036859
11 0.383014 0.140954 0.020609 0.031974
11 0.392206 0.133848 0.019789 0.031530
11 0.398548 0.124894 0.016159 0.022276
11 0.427392 0.118638 0.014051 0.025091
11 0.424348 0.124079 0.014754 0.024869
11 0.421596 0.129852 0.014403 0.025757
11 0.417439 0.135958 0.015925 0.025979
11 0.412229 0.144618 0.017915 0.031308
11 0.402861 0.153166 0.021662 0.040412
11 0.393641 0.167038 0.025869 0.040148
11 0.430148 0.164760 0.025226 0.039433
11 0.436116 0.152722 0.020726 0.035971
11 0.440292 0.144235 0.022131 0.033751
10 0.169324 0.202104 0.014572 0.043630
11 0.482178 0.123412 0.015330 0.024494
11 0.471248 0.107397 0.014194 0.023148
11 0.445060 0.134851 0.016607 0.028531
11 0.449744 0.123547 0.016607 0.027993
11 0.452228 0.102552 0.013626 0.020995
11 0.371321 0.128930 0.019588 0.029608
11 0.405245 0.121393 0.014478 0.022610
11 0.439524 0.108070 0.012349 0.020187
11 0.418162 0.109281 0.013626 0.020995
11 0.426252 0.099725 0.011639 0.016957
11 0.486649 0.103090 0.012065 0.018842
11 0.505385 0.106051 0.012349 0.020995
