11 0.530962 0.267562 0.088233 0.069683
11 0.668815 0.734656 0.144122 0.246954
11 0.499910 0.714581 0.131982 0.275250
11 0.766737 0.254075 0.086736 0.059823
7 0.795332 0.220002 0.086106 0.063642
11 0.466604 0.199329 0.043802 0.050877
11 0.674480 0.235407 0.088095 0.062863
11 0.943398 0.265509 0.088422 0.064580
11 0.252161 0.872917 0.184759 0.254165
11 0.363841 0.228396 0.076527 0.062997
11 0.028438 0.284017 0.056233 0.063343
11 0.037708 0.695670 0.072652 0.306403
11 0.904294 0.241299 0.072466 0.049117
11 0.508717 0.975773 0.165370 0.048454
10 0.427920 0.257766 0.025896 0.066718
10 0.967514 0.588222 0.042300 0.131043
10 0.221678 0.290130 0.032847 0.071997
10 0.384080 0.250761 0.028667 0.061425
10 0.923610 0.599369 0.045423 0.135078
9 0.830964 0.523873 0.036630 0.163654
10 0.983640 0.662263 0.032575 0.162919
10 0.949771 0.686660 0.059074 0.171017
10 0.126954 0.299224 0.039739 0.067110
9 0.646932 0.182722 0.011199 0.054366
10 0.160713 0.206819 0.015744 0.048460
11 0.352036 0.174838 0.028175 0.043506
11 0.364279 0.160605 0.022248 0.034861
11 0.375578 0.148281 0.023536 0.036859
11 0.383014 0.140954 0.020609 0.031974
11 0.392206 0.133848 0.019789 0.031530
11 0.427392 0.118638 0.014051 0.025091
11 0.424348 0.124079 0.014754 0.024869
11 0.421596 0.129852 0.014403 0.025757
11 0.417439 0.135958 0.015925 0.025979
11 0.412229 0.144618 0.017915 0.031308
11 0.402861 0.153166 0.021662 0.040412
11 0.393641 0.167038 0.025869 0.040148
11 0.430148 0.164760 0.025226 0.039433
11 0.436116 0.152722 0.020726 0.035971
11 0.440292 0.144235 0.022131 0.033751
11 0.484263 0.120414 0.013657 0.025093
11 0.492683 0.115377 0.012976 0.023620
11 0.436248 0.110795 0.012026 0.019370
11 0.398002 0.124744 0.014215 0.022037
11 0.403573 0.121813 0.012031 0.019131
11 0.408711 0.117639 0.013876 0.021483
11 0.414913 0.109833 0.012968 0.020744
11 0.452287 0.122274 0.014543 0.025202
11 0.448509 0.126431 0.015249 0.029212
11 0.445112 0.134043 0.016949 0.026312
11 0.510061 0.110201 0.013115 0.020206
