11 0.170215 0.257236 0.087751 0.059244
11 0.669066 0.734577 0.143349 0.246690
11 0.500095 0.714338 0.132067 0.274874
11 0.450966 0.293380 0.090496 0.091652
11 0.835217 0.262993 0.083578 0.055691
11 0.253016 0.872744 0.181979 0.254337
11 0.310745 0.286676 0.096242 0.090542
11 0.332786 0.223494 0.073014 0.053596
11 0.160621 0.523930 0.136429 0.176115
7 0.623869 0.201478 0.079212 0.056440
11 0.914278 0.252237 0.081070 0.057298
11 0.604529 0.243178 0.078121 0.053861
11 0.626545 0.264151 0.092176 0.072390
11 0.491298 0.149773 0.024348 0.038130
11 0.987006 0.240593 0.025837 0.050270
11 0.515558 0.140523 0.017233 0.029956
11 0.508717 0.975773 0.165370 0.048454
9 0.832862 0.524721 0.034217 0.164796
10 0.966757 0.588091 0.042284 0.128328
10 0.472797 0.218350 0.019497 0.054392
10 0.430221 0.221323 0.021349 0.055950
10 0.980871 0.665700 0.037827 0.171514
10 0.934405 0.672133 0.057604 0.167450
10 0.486499 0.232928 0.026476 0.058510
10 0.925689 0.594558 0.044737 0.125461
10 0.160713 0.206819 0.015744 0.048460
11 0.352036 0.174838 0.028175 0.043506
11 0.364279 0.160605 0.022248 0.034861
11 0.375578 0.148281 0.023536 0.036859
11 0.383014 0.140954 0.020609 0.031974
11 0.392206 0.133848 0.019789 0.031530
11 0.427392 0.118638 0.014051 0.025091
11 0.424348 0.124079 0.014754 0.024869
11 0.421596 0.129852 0.014403 0.025757
11 0.417439 0.135958 0.015925 0.025979
11 0.412229 0.144618 0.017915 0.031308
11 0.402861 0.153166 0.021662 0.040412
11 0.393641 0.167038 0.025869 0.040148
11 0.430148 0.164760 0.025226 0.039433
11 0.436116 0.152722 0.020726 0.035971
11 0.440292 0.144235 0.022131 0.033751
11 0.484117 0.120765 0.013689 0.020881
11 0.492301 0.114239 0.013220 0.021294
11 0.436248 0.110795 0.012026 0.019370
10 0.583943 0.186554 0.009690 0.041793
11 0.579003 0.177367 0.008930 0.039991
11 0.398002 0.124744 0.014215 0.022037
11 0.403573 0.121813 0.012031 0.019131
11 0.408711 0.117639 0.013876 0.021483
11 0.414913 0.109833 0.012968 0.020744
11 0.452287 0.122274 0.014543 0.025202
11 0.448509 0.126431 0.015249 0.029212
11 0.445112 0.134043 0.016949 0.026312
11 0.509891 0.111111 0.013246 0.020902
