11 0.306829 0.323830 0.100390 0.094381
11 0.566993 0.245309 0.088361 0.057371
11 0.430718 0.336694 0.098555 0.095827
11 0.668893 0.734499 0.144215 0.245809
11 0.384036 0.208894 0.060293 0.051432
11 0.257217 0.241765 0.091134 0.057330
11 0.084676 0.274750 0.102586 0.065751
11 0.172992 0.470626 0.146738 0.177573
11 0.500298 0.713921 0.131414 0.274154
11 0.463806 0.185474 0.037517 0.048064
11 0.961173 0.269470 0.076948 0.058548
11 0.910378 0.253672 0.078282 0.051098
11 0.724834 0.255963 0.090257 0.059183
11 0.252142 0.871357 0.178409 0.253208
11 0.763850 0.240650 0.082981 0.056645
11 0.745019 0.215826 0.065774 0.045337
7 0.518025 0.162225 0.029467 0.046045
11 0.025213 0.828759 0.050084 0.260238
11 0.907140 0.241739 0.069891 0.047204
11 0.508717 0.975773 0.165370 0.048454
10 0.497964 0.211245 0.019865 0.052882
10 0.191698 0.326299 0.040815 0.083090
10 0.967145 0.588567 0.042033 0.130065
10 0.980816 0.666744 0.037983 0.172029
9 0.832902 0.523221 0.035904 0.162340
10 0.934563 0.672922 0.057300 0.166863
9 0.638171 0.183305 0.010747 0.051509
10 0.925834 0.595259 0.043800 0.126499
10 0.596772 0.185415 0.011492 0.043307
10 0.567251 0.189511 0.011680 0.046584
10 0.554775 0.200314 0.012861 0.048112
10 0.160713 0.206819 0.015744 0.048460
11 0.352036 0.174838 0.028175 0.043506
11 0.364279 0.160605 0.022248 0.034861
11 0.375578 0.148281 0.023536 0.036859
11 0.383014 0.140954 0.020609 0.031974
11 0.392206 0.133848 0.019789 0.031530
11 0.427392 0.118638 0.014051 0.025091
11 0.424348 0.124079 0.014754 0.024869
11 0.421596 0.129852 0.014403 0.025757
11 0.417439 0.135958 0.015925 0.025979
11 0.412229 0.144618 0.017915 0.031308
11 0.402861 0.153166 0.021662 0.040412
11 0.393641 0.167038 0.025869 0.040148
11 0.430148 0.164760 0.025226 0.039433
11 0.436116 0.152722 0.020726 0.035971
11 0.440292 0.144235 0.022131 0.033751
11 0.475332 0.125203 0.018164 0.029023
11 0.485004 0.119636 0.013129 0.023287
11 0.436248 0.110795 0.012026 0.019370
11 0.398002 0.124744 0.014215 0.022037
11 0.403573 0.121813 0.012031 0.019131
11 0.408711 0.117639 0.013876 0.021483
11 0.414913 0.109833 0.012968 0.020744
11 0.452287 0.122274 0.014543 0.025202
11 0.448509 0.126431 0.015249 0.029212
11 0.445112 0.134043 0.016949 0.026312
11 0.377959 0.123304 0.015470 0.023286
11 0.389175 0.115328 0.013730 0.021635
11 0.492632 0.115420 0.013730 0.023286
11 0.512454 0.118904 0.014697 0.021819
