11 0.105070 0.591659 0.139999 0.215361
11 0.420089 0.215689 0.033226 0.056802
11 0.789838 0.227350 0.079728 0.051273
11 0.359772 0.230104 0.036820 0.059078
11 0.348847 0.179442 0.029900 0.047086
11 0.909927 0.242837 0.074013 0.052526
11 0.747705 0.956436 0.166867 0.085675
11 0.465557 0.707060 0.118814 0.252174
11 0.252554 0.872449 0.181957 0.255102
11 0.663059 0.714075 0.137837 0.242479
11 0.974486 0.255689 0.049643 0.051274
7 0.499331 0.251937 0.044969 0.097477
11 0.494148 0.207237 0.035471 0.051769
11 0.994253 0.273211 0.011312 0.048597
11 0.393329 0.167895 0.026386 0.040237
11 0.488660 0.176489 0.025919 0.045175
11 0.471057 0.166794 0.023897 0.046187
11 0.511250 0.165015 0.028722 0.042556
11 0.534697 0.159096 0.022001 0.036238
11 0.416466 0.187273 0.028722 0.045389
11 0.428912 0.170025 0.027765 0.043573
10 0.685692 0.257296 0.019034 0.061321
10 0.707807 0.245476 0.017738 0.060306
9 0.872009 0.283117 0.013267 0.063520
9 0.544343 0.457386 0.038369 0.145481
10 0.652217 0.199511 0.012954 0.048401
10 0.692671 0.215579 0.015758 0.048184
9 0.570969 0.174280 0.007997 0.047465
10 0.177914 0.240138 0.018367 0.060160
10 0.190702 0.213703 0.016413 0.046262
10 0.231445 0.214577 0.013439 0.051818
10 0.641511 0.179012 0.009946 0.043210
10 0.627224 0.168724 0.011032 0.038409
10 0.615741 0.157064 0.010127 0.037723
10 0.603082 0.160151 0.009042 0.034979
10 0.234926 0.186194 0.011970 0.036749
10 0.266560 0.172143 0.009880 0.036028
11 0.347010 0.148173 0.023577 0.038356
11 0.374644 0.152937 0.021644 0.033714
11 0.372905 0.128994 0.020742 0.031760
11 0.392424 0.132537 0.019067 0.026630
11 0.409301 0.146096 0.021644 0.029806
11 0.440994 0.141332 0.020098 0.029561
11 0.419028 0.130338 0.019712 0.030050
11 0.405629 0.118001 0.015847 0.023942
11 0.393068 0.111282 0.014945 0.020766
11 0.427660 0.121421 0.014301 0.021010
11 0.448338 0.127895 0.017264 0.029073
11 0.487374 0.157456 0.017264 0.029073
11 0.481448 0.138522 0.016233 0.024431
11 0.477712 0.129117 0.015718 0.025164
11 0.473976 0.118123 0.014687 0.027118
11 0.513027 0.125638 0.015356 0.024866
11 0.521050 0.146414 0.020705 0.033045
11 0.515528 0.131691 0.016219 0.028465
11 0.489421 0.131791 0.014059 0.023058
