11 0.298416 0.232171 0.042220 0.060716
11 0.340676 0.263900 0.042873 0.073434
11 0.259558 0.337106 0.064666 0.111313
11 0.465558 0.703444 0.118291 0.249318
11 0.685475 0.220177 0.078432 0.048871
11 0.421176 0.218976 0.034908 0.059064
11 0.747725 0.956455 0.167221 0.085705
11 0.285084 0.788861 0.160365 0.289916
11 0.373353 0.195077 0.032653 0.050465
11 0.908544 0.240865 0.076924 0.051597
11 0.285285 0.187918 0.042428 0.051080
11 0.974562 0.256148 0.050224 0.051617
11 0.663163 0.713449 0.137800 0.241786
7 0.499229 0.217961 0.038263 0.081163
11 0.036364 0.910268 0.072727 0.177626
11 0.357214 0.170968 0.029696 0.039794
11 0.945778 0.231444 0.072488 0.053269
11 0.334719 0.160989 0.028101 0.042486
11 0.489195 0.196403 0.030706 0.056177
11 0.470607 0.166794 0.022920 0.046187
11 0.511876 0.165834 0.028722 0.042556
11 0.415029 0.193174 0.026808 0.048112
11 0.426509 0.176834 0.027746 0.042665
11 0.398035 0.160076 0.027286 0.041685
9 0.919858 0.326150 0.015244 0.083675
10 0.618734 0.188764 0.012679 0.046716
9 0.556441 0.456678 0.037857 0.147126
9 0.571241 0.173849 0.007644 0.050025
10 0.134498 0.270752 0.022959 0.067102
10 0.074429 0.293936 0.026329 0.071714
10 0.641635 0.188504 0.010957 0.043170
11 0.435752 0.151559 0.021416 0.033301
10 0.277222 0.164203 0.008608 0.032942
10 0.268927 0.157675 0.009547 0.034722
10 0.303201 0.144468 0.009234 0.029677
11 0.363062 0.134230 0.020971 0.032348
11 0.382155 0.140759 0.023475 0.034129
11 0.445616 0.133339 0.017998 0.031755
11 0.449920 0.124733 0.015650 0.027006
11 0.412047 0.138681 0.020345 0.027600
11 0.423863 0.126068 0.015181 0.024335
11 0.404300 0.123546 0.017059 0.024038
11 0.390058 0.115088 0.017059 0.024929
11 0.413221 0.114346 0.012677 0.018697
11 0.429653 0.116868 0.014242 0.021368
11 0.513027 0.125638 0.015356 0.024866
11 0.521050 0.146414 0.020705 0.033045
11 0.533287 0.159151 0.022978 0.034386
11 0.518815 0.135252 0.016219 0.028465
10 0.632947 0.173107 0.011738 0.036503
11 0.509703 0.116239 0.013772 0.022032
11 0.489749 0.175481 0.024258 0.041845
11 0.486854 0.154558 0.016902 0.026116
11 0.489827 0.146249 0.015963 0.026709
11 0.482159 0.135862 0.017215 0.026709
11 0.488810 0.123991 0.014868 0.023148
11 0.477386 0.119391 0.014242 0.024038
11 0.474021 0.106630 0.012833 0.021071
