11 0.319416 0.658937 0.131095 0.222698
11 0.232220 0.441768 0.096904 0.142822
11 0.209522 0.346029 0.071468 0.104529
11 0.395967 0.433508 0.070916 0.113487
11 0.487019 0.371261 0.056721 0.096665
11 0.150608 0.224679 0.072219 0.059956
11 0.674385 0.205715 0.074439 0.047619
11 0.408740 0.340086 0.053394 0.091191
11 0.490989 0.945632 0.141783 0.108735
11 0.333372 0.247753 0.046459 0.069244
11 0.282448 0.200878 0.040049 0.051913
11 0.503166 0.576146 0.093932 0.184135
11 0.760417 0.945342 0.176260 0.109175
11 0.319101 0.206787 0.037831 0.057796
11 0.907459 0.243322 0.078471 0.055642
11 0.531640 0.204684 0.032830 0.047922
11 0.614174 0.479427 0.084723 0.137763
11 0.480596 0.252588 0.039498 0.071257
7 0.811158 0.213973 0.077739 0.060732
11 0.561290 0.262020 0.046691 0.075801
7 0.366440 0.202898 0.038065 0.067462
11 0.974077 0.257398 0.049354 0.054886
11 0.959398 0.222171 0.063347 0.044379
11 0.047799 0.866933 0.094590 0.266135
11 0.930509 0.226527 0.074502 0.044950
11 0.994248 0.274323 0.011448 0.053637
0 0.358751 0.149614 0.048289 0.087935
9 0.757789 0.460655 0.028930 0.141668
9 0.575680 0.172086 0.009736 0.047719
10 0.039717 0.299100 0.023294 0.078152
11 0.421162 0.218959 0.035083 0.059761
11 0.414790 0.193627 0.028244 0.049020
11 0.424364 0.175926 0.026329 0.044481
11 0.432283 0.162334 0.022398 0.037660
11 0.438106 0.149026 0.020308 0.038793
11 0.441674 0.142019 0.018964 0.033413
11 0.445302 0.131105 0.015977 0.027183
11 0.449460 0.127481 0.013439 0.024635
11 0.452499 0.121589 0.013935 0.022757
11 0.399496 0.129872 0.018594 0.026109
11 0.414400 0.113991 0.015756 0.021802
11 0.428595 0.121662 0.016891 0.023148
11 0.440376 0.105243 0.014336 0.022610
11 0.455067 0.113453 0.015330 0.025571
7 0.487572 0.126911 0.019588 0.041182
11 0.522347 0.147233 0.019872 0.034991
11 0.516031 0.109685 0.013201 0.021802
