11 0.319860 0.658738 0.132461 0.221156
11 0.256204 0.288935 0.061980 0.083035
7 0.618354 0.195439 0.072520 0.053333
11 0.395886 0.434270 0.073503 0.116491
11 0.358065 0.213156 0.039072 0.061275
11 0.408639 0.341190 0.054369 0.092686
0 0.706647 0.742419 0.235306 0.471709
11 0.734145 0.206371 0.072086 0.053155
11 0.550770 0.315217 0.049495 0.091378
11 0.373320 0.150576 0.024942 0.040511
11 0.907806 0.243098 0.077793 0.053206
11 0.513130 0.219671 0.037271 0.059349
11 0.486350 0.735247 0.121198 0.249095
11 0.974862 0.257008 0.048896 0.054564
11 0.488623 0.265983 0.040334 0.071805
11 0.174674 0.551008 0.126026 0.193183
11 0.929313 0.228511 0.074983 0.050059
11 0.527067 0.189837 0.027805 0.046886
11 0.534926 0.164996 0.027248 0.038962
11 0.476581 0.172085 0.024194 0.047517
9 0.760547 0.464228 0.030047 0.145115
9 0.584547 0.174625 0.009878 0.047644
11 0.421162 0.218959 0.035083 0.059761
11 0.414790 0.193627 0.028244 0.049020
11 0.424364 0.175926 0.026329 0.044481
11 0.454675 0.114531 0.015456 0.028422
11 0.452178 0.122164 0.014363 0.025146
11 0.448969 0.128096 0.014223 0.027049
11 0.440819 0.143337 0.018964 0.033413
11 0.438106 0.149026 0.020308 0.038793
11 0.432283 0.162334 0.022398 0.037660
11 0.444245 0.131461 0.015977 0.027183
11 0.423859 0.103831 0.013914 0.021499
11 0.439899 0.096379 0.010693 0.018812
11 0.480160 0.143042 0.019067 0.031516
11 0.512110 0.141943 0.018037 0.030783
11 0.511466 0.121054 0.015202 0.026630
11 0.482028 0.132170 0.016620 0.026874
11 0.482028 0.113847 0.014816 0.022965
11 0.488920 0.099311 0.012883 0.028095
10 0.091870 0.213016 0.022297 0.048170
