9 0.827668 0.513340 0.034160 0.160510
10 0.927280 0.606149 0.046777 0.141192
0 0.630894 0.212404 0.231851 0.139522
11 0.283696 0.381926 0.108021 0.131650
11 0.231707 0.249574 0.078635 0.057600
11 0.486231 0.720152 0.117088 0.245245
11 0.243130 0.853634 0.190907 0.292733
11 0.343681 0.285466 0.085745 0.077326
11 0.463088 0.924584 0.164492 0.150832
0 0.941787 0.214993 0.116121 0.122970
0 0.697852 0.706602 0.226495 0.445018
10 0.959468 0.682914 0.057527 0.192432
11 0.314970 0.175177 0.032375 0.046419
10 0.975880 0.609871 0.048062 0.147427
11 0.233951 0.209131 0.063356 0.046867
11 0.468680 0.166105 0.027613 0.039496
11 0.050658 0.240103 0.069267 0.050969
11 0.446238 0.198046 0.051502 0.055559
11 0.865532 0.261036 0.085959 0.053942
10 0.390271 0.230165 0.051511 0.066165
10 0.285279 0.178379 0.012743 0.038048
10 0.987532 0.683897 0.024775 0.168311
11 0.079463 0.747162 0.156191 0.290936
11 0.029791 0.283128 0.059582 0.063491
11 0.062117 0.505015 0.123200 0.170934
11 0.863142 0.248824 0.089109 0.055293
11 0.353884 0.169677 0.028913 0.042859
11 0.367320 0.155457 0.024183 0.041750
11 0.377921 0.141446 0.020866 0.034184
11 0.390015 0.165874 0.027621 0.044545
11 0.403329 0.152751 0.018311 0.033107
11 0.409007 0.143734 0.018878 0.031223
11 0.418162 0.134582 0.017601 0.028531
11 0.422349 0.125431 0.017459 0.028531
11 0.443144 0.136601 0.018736 0.034184
11 0.433846 0.147502 0.018311 0.038221
11 0.426425 0.165374 0.027322 0.037467
11 0.387490 0.124045 0.017669 0.021977
11 0.486856 0.132332 0.016909 0.027742
0 0.485146 0.100987 0.020709 0.053682
11 0.517160 0.113777 0.014819 0.024499
