11 0.327240 0.352466 0.094886 0.101508
11 0.244933 0.324029 0.103517 0.092839
11 0.182885 0.473948 0.117640 0.147984
11 0.155210 0.263195 0.089090 0.058699
0 0.697191 0.711125 0.221891 0.444733
11 0.845164 0.248820 0.086608 0.059325
11 0.280134 0.196322 0.051674 0.046514
11 0.340539 0.235485 0.074801 0.058657
11 0.392392 0.261918 0.091311 0.080474
11 0.638173 0.239871 0.086846 0.054096
11 0.486192 0.720251 0.117719 0.246744
11 0.242784 0.852296 0.194617 0.294863
11 0.588310 0.261123 0.094114 0.070873
11 0.464656 0.193040 0.043154 0.046568
0 0.940769 0.208733 0.115928 0.114408
11 0.463153 0.923863 0.167169 0.152273
11 0.961287 0.264148 0.076733 0.068483
11 0.490119 0.153296 0.023108 0.036752
9 0.820055 0.517059 0.038004 0.165758
10 0.926853 0.603145 0.043877 0.148251
10 0.974991 0.607797 0.046810 0.150757
10 0.958891 0.683008 0.054926 0.189916
9 0.581637 0.174188 0.009388 0.051378
10 0.984952 0.680595 0.028943 0.171514
10 0.240226 0.185266 0.013278 0.043860
11 0.353884 0.169677 0.028913 0.042859
11 0.367320 0.155457 0.024183 0.041750
11 0.377921 0.141446 0.020866 0.034184
11 0.390015 0.165874 0.027621 0.044545
11 0.403329 0.152751 0.018311 0.033107
11 0.409007 0.143734 0.018878 0.031223
11 0.418162 0.134582 0.017601 0.028531
11 0.422349 0.125431 0.017459 0.028531
11 0.443144 0.136601 0.018736 0.034184
11 0.433846 0.147502 0.018311 0.038221
11 0.426425 0.165374 0.027322 0.037467
11 0.513014 0.125777 0.017127 0.027233
11 0.479771 0.129609 0.016382 0.025216
11 0.497962 0.099653 0.011914 0.020173
11 0.473282 0.100964 0.011063 0.017954
11 0.416848 0.111151 0.013936 0.019366
11 0.414879 0.102175 0.011914 0.017147
11 0.422060 0.094610 0.010532 0.016542
11 0.445251 0.088255 0.009255 0.015130
11 0.489611 0.091181 0.008617 0.014928
0 0.475356 0.077967 0.013085 0.030461
