7 0.157558 0.517359 0.147156 0.224920
11 0.282643 0.310000 0.096562 0.086991
11 0.432691 0.309615 0.098527 0.088425
0 0.697448 0.710208 0.222570 0.446191
11 0.469847 0.187870 0.031612 0.048967
11 0.391807 0.217885 0.059722 0.054552
11 0.486190 0.720082 0.118020 0.247237
11 0.242529 0.852963 0.195613 0.294073
11 0.459237 0.255044 0.081558 0.066298
11 0.975457 0.270659 0.048949 0.057439
11 0.318801 0.175376 0.029843 0.041813
11 0.561190 0.262956 0.091186 0.074740
11 0.462805 0.923998 0.166506 0.152004
0 0.940075 0.212020 0.119851 0.120963
11 0.503653 0.161078 0.027191 0.045724
10 0.926291 0.605109 0.044838 0.147033
9 0.829930 0.522112 0.042162 0.162941
9 0.580273 0.173413 0.009406 0.051307
10 0.975626 0.606755 0.045753 0.148400
10 0.959238 0.682442 0.051171 0.188627
10 0.985639 0.681799 0.026928 0.170717
10 0.285457 0.179416 0.012878 0.039540
10 0.233159 0.189734 0.013706 0.044672
11 0.353884 0.169677 0.028913 0.042859
11 0.367320 0.155457 0.024183 0.041750
11 0.377921 0.141446 0.020866 0.034184
11 0.390015 0.165874 0.027621 0.044545
11 0.403329 0.152751 0.018311 0.033107
11 0.409007 0.143734 0.018878 0.031223
11 0.418162 0.134582 0.017601 0.028531
11 0.422349 0.125431 0.017459 0.028531
11 0.443144 0.136601 0.018736 0.034184
11 0.433846 0.147502 0.018311 0.038221
11 0.426425 0.165374 0.027322 0.037467
11 0.347218 0.149032 0.022947 0.033045
11 0.479295 0.141016 0.020705 0.032718
11 0.481021 0.126620 0.015528 0.024866
11 0.483264 0.113041 0.013113 0.020612
11 0.492236 0.105189 0.011042 0.020612
