11 0.975171 0.269126 0.049247 0.057500
11 0.489380 0.156157 0.021936 0.036763
11 0.092531 0.232979 0.068147 0.056062
10 0.967068 0.498637 0.033322 0.106907
11 0.222914 0.476013 0.113786 0.178019
10 0.882015 0.494706 0.040793 0.117782
9 0.578283 0.174100 0.007914 0.049577
10 0.183707 0.213709 0.018856 0.051771
11 0.462939 0.921284 0.159241 0.157433
0 0.659334 0.590275 0.170721 0.335072
11 0.249158 0.847062 0.185232 0.305876
11 0.487034 0.599122 0.094684 0.186083
0 0.940475 0.212213 0.117192 0.121069
10 0.927400 0.499193 0.033556 0.108459
11 0.294893 0.189040 0.040086 0.046880
10 0.914967 0.623451 0.046351 0.144916
9 0.828736 0.517947 0.029620 0.157165
10 0.945018 0.619296 0.044253 0.152325
10 0.981347 0.611161 0.036436 0.141335
10 0.848064 0.497033 0.030663 0.115966
11 0.053869 0.568504 0.105448 0.204354
11 0.036947 0.896094 0.073894 0.207813
11 0.426425 0.165374 0.027322 0.037467
11 0.433846 0.147502 0.018311 0.038221
11 0.443144 0.136601 0.018736 0.034184
11 0.422349 0.125431 0.017459 0.028531
11 0.409007 0.143734 0.018878 0.031223
11 0.403897 0.153612 0.018979 0.031737
11 0.386766 0.169186 0.027857 0.044104
11 0.377921 0.141446 0.020866 0.034184
11 0.390697 0.134963 0.016391 0.025847
11 0.403810 0.124329 0.016046 0.024211
11 0.367320 0.155457 0.024183 0.041750
11 0.344517 0.182121 0.031039 0.044174
11 0.480397 0.134313 0.016909 0.030984
11 0.431575 0.097303 0.011213 0.018034
11 0.511480 0.115606 0.016057 0.026109
11 0.480120 0.112915 0.015188 0.021802
11 0.481539 0.103359 0.012349 0.018842
11 0.492114 0.093804 0.009652 0.015342
11 0.476784 0.095419 0.009368 0.015342
