11 0.577819 0.379696 0.059752 0.107827
11 0.305359 0.303897 0.057295 0.086447
11 0.336032 0.651741 0.124081 0.225958
11 0.482096 0.382253 0.058370 0.105989
11 0.385137 0.402071 0.068095 0.120780
11 0.541975 0.233796 0.038878 0.066321
11 0.493836 0.166839 0.026865 0.043554
11 0.352741 0.236307 0.041820 0.064698
11 0.689042 0.832202 0.156495 0.306844
0 0.941172 0.212206 0.117657 0.121253
11 0.522875 0.158601 0.023393 0.035031
7 0.329377 0.197383 0.032883 0.064625
11 0.384405 0.177528 0.033144 0.049738
11 0.485612 0.262171 0.039787 0.078529
11 0.975271 0.270677 0.048856 0.055658
11 0.417703 0.188021 0.026207 0.053493
11 0.424017 0.218556 0.036283 0.057852
11 0.482029 0.143381 0.020721 0.034882
11 0.366114 0.163217 0.024406 0.038308
10 0.953556 0.471187 0.036591 0.105750
10 0.965474 0.539790 0.046313 0.122449
10 0.682694 0.282415 0.020187 0.061871
10 0.982304 0.498680 0.028972 0.099099
10 0.773341 0.316157 0.024061 0.075770
10 0.738562 0.319157 0.022372 0.071725
10 0.755351 0.284964 0.021599 0.060067
10 0.643473 0.262052 0.015289 0.058243
10 0.840089 0.323652 0.026470 0.074761
10 0.798226 0.310341 0.022353 0.072114
9 0.837169 0.516157 0.027377 0.155734
10 0.711805 0.265976 0.019134 0.058900
10 0.835237 0.370666 0.034588 0.067243
9 0.571704 0.173971 0.009263 0.045750
10 0.652116 0.228811 0.016189 0.051197
10 0.684938 0.246455 0.016375 0.052558
10 0.612258 0.237197 0.015825 0.057192
10 0.635602 0.227270 0.013754 0.053764
10 0.699899 0.230661 0.016055 0.051993
10 0.604713 0.188995 0.011122 0.045539
10 0.624564 0.206794 0.011814 0.046511
10 0.654612 0.220368 0.016435 0.050387
10 0.844908 0.440541 0.077551 0.132534
10 0.679881 0.227305 0.015479 0.048444
10 0.675036 0.204634 0.013843 0.046058
10 0.659494 0.208333 0.016486 0.048683
10 0.636344 0.194299 0.012399 0.040464
10 0.613324 0.179808 0.011919 0.039917
10 0.626011 0.196850 0.012111 0.037912
10 0.632980 0.185641 0.012399 0.037730
10 0.624377 0.169419 0.011534 0.039188
10 0.285457 0.178490 0.012878 0.037688
0 0.516345 0.131199 0.022759 0.044727
11 0.377424 0.150059 0.022427 0.035261
11 0.392612 0.132160 0.019304 0.030146
11 0.422917 0.176707 0.024272 0.040106
11 0.433563 0.156788 0.025124 0.042259
11 0.429659 0.115202 0.014194 0.025840
11 0.446053 0.104840 0.013485 0.022341
11 0.421852 0.105109 0.011639 0.020187
11 0.482462 0.119778 0.015046 0.027993
11 0.478558 0.101610 0.011497 0.020187
