11 0.594152 0.397846 0.062243 0.103488
11 0.652956 0.670813 0.127722 0.235527
11 0.486725 0.248557 0.038343 0.057029
11 0.269277 0.841556 0.185510 0.316355
0 0.345030 0.207199 0.068983 0.127949
11 0.568981 0.298506 0.042765 0.070783
11 0.929953 0.257775 0.080186 0.053651
11 0.554674 0.239926 0.036792 0.051581
11 0.361967 0.526921 0.099152 0.168464
11 0.489113 0.358702 0.060814 0.103228
11 0.387924 0.388525 0.063938 0.106058
11 0.198760 0.457238 0.100770 0.159517
11 0.954353 0.249341 0.064543 0.051566
11 0.535213 0.206642 0.032865 0.046296
11 0.391599 0.172278 0.027156 0.044373
10 0.886383 0.420466 0.032868 0.099132
9 0.848433 0.506359 0.034280 0.151723
9 0.669712 0.192195 0.010579 0.052469
10 0.783658 0.207095 0.028444 0.047964
10 0.856658 0.217372 0.028890 0.049897
10 0.121582 0.215414 0.025850 0.050835
11 0.422864 0.215518 0.034601 0.055739
11 0.424697 0.169753 0.024861 0.039683
11 0.436055 0.156356 0.022536 0.039343
11 0.418910 0.194374 0.030048 0.047187
11 0.554731 0.187052 0.035637 0.039576
11 0.484147 0.190226 0.025989 0.041443
11 0.497338 0.151956 0.020476 0.035096
11 0.413956 0.137395 0.019886 0.029869
11 0.394366 0.128995 0.019689 0.030242
