11 0.272982 0.390219 0.078411 0.124469
11 0.748832 0.445013 0.063356 0.115912
11 0.615835 0.509894 0.084616 0.138447
11 0.495235 0.536082 0.081178 0.160790
11 0.236173 0.305745 0.053577 0.088978
11 0.268400 0.841916 0.187119 0.316168
11 0.932029 0.257469 0.077687 0.057238
11 0.546698 0.209434 0.028952 0.044698
11 0.350299 0.227996 0.039302 0.059661
11 0.387830 0.389216 0.062667 0.108500
11 0.560672 0.273353 0.045036 0.073720
11 0.574400 0.361541 0.058050 0.102291
11 0.487846 0.352677 0.053380 0.092033
11 0.361784 0.527226 0.098943 0.168166
11 0.546342 0.239520 0.035760 0.053130
0 0.023032 0.807086 0.046064 0.385829
11 0.387643 0.174205 0.028481 0.040156
11 0.937451 0.248450 0.064543 0.051566
11 0.328810 0.194683 0.035213 0.057728
11 0.418448 0.192520 0.030048 0.047187
11 0.421652 0.215096 0.034601 0.055739
9 0.858090 0.507204 0.031622 0.153045
10 0.965767 0.576045 0.045794 0.130631
9 0.679992 0.191220 0.010579 0.052469
10 0.782446 0.207784 0.030867 0.049343
10 0.856658 0.217372 0.028890 0.049897
10 0.648026 0.208577 0.013877 0.055556
10 0.121582 0.215414 0.025850 0.050835
11 0.378786 0.148594 0.021620 0.032352
11 0.424672 0.171185 0.026032 0.040161
11 0.483501 0.172579 0.025149 0.045181
11 0.535492 0.175647 0.026767 0.042950
11 0.521667 0.152220 0.020002 0.032352
11 0.435409 0.156961 0.022208 0.039603
11 0.417466 0.129490 0.019561 0.033746
