11 0.596177 0.417550 0.067426 0.108249
11 0.537998 0.206444 0.032030 0.047500
11 0.281405 0.327040 0.071231 0.114733
11 0.387595 0.390235 0.063307 0.107006
11 0.348086 0.183549 0.033396 0.048605
11 0.494948 0.340609 0.054156 0.096878
11 0.297136 0.241736 0.044606 0.061566
11 0.487683 0.584963 0.091942 0.200178
11 0.268418 0.841867 0.185681 0.316266
11 0.486068 0.936206 0.149590 0.127589
11 0.485200 0.250570 0.041601 0.072313
11 0.566157 0.294376 0.049320 0.075908
11 0.931348 0.255636 0.076756 0.054235
11 0.665362 0.663722 0.120209 0.200123
11 0.361864 0.527855 0.102179 0.169297
11 0.481099 0.187170 0.027932 0.047158
11 0.991418 0.271927 0.016900 0.057345
11 0.937451 0.248450 0.064543 0.051566
10 0.678750 0.241129 0.017600 0.058289
10 0.620901 0.207671 0.015605 0.050819
10 0.741240 0.203046 0.024541 0.045655
10 0.860289 0.217804 0.031376 0.052409
10 0.823465 0.210592 0.028612 0.043728
10 0.782657 0.207654 0.030446 0.049083
9 0.672475 0.190561 0.010579 0.052469
9 0.859355 0.507513 0.035630 0.148588
10 0.121582 0.215414 0.025850 0.050835
10 0.032303 0.263253 0.016276 0.059913
10 0.311206 0.143295 0.009119 0.034583
11 0.422864 0.215518 0.034601 0.055739
11 0.424697 0.169753 0.024861 0.039683
11 0.434808 0.158002 0.022536 0.039343
11 0.418910 0.192522 0.030048 0.050890
11 0.404965 0.156124 0.022796 0.036256
11 0.382242 0.146503 0.021473 0.033746
11 0.402317 0.127259 0.018972 0.029842
11 0.509607 0.171185 0.025591 0.037372
11 0.522255 0.148455 0.019414 0.033746
