11 0.605739 0.370607 0.059684 0.105308
11 0.483451 0.630138 0.091928 0.214581
11 0.523276 0.366551 0.055285 0.097074
11 0.349183 0.183859 0.030927 0.043657
11 0.479038 0.203089 0.028507 0.050182
11 0.268965 0.842180 0.187402 0.315640
11 0.687020 0.814095 0.161665 0.303034
11 0.749828 0.516909 0.086630 0.146991
11 0.321390 0.173460 0.029945 0.039005
11 0.556627 0.256193 0.039324 0.060611
0 0.235726 0.353956 0.155866 0.270302
11 0.361872 0.527272 0.100222 0.170732
11 0.388396 0.389480 0.062033 0.108360
11 0.527055 0.184831 0.027255 0.041027
11 0.931519 0.256338 0.078033 0.051960
11 0.937451 0.248450 0.064543 0.051566
9 0.846062 0.510578 0.026152 0.152413
10 0.860732 0.445620 0.036522 0.105905
9 0.586636 0.178761 0.010579 0.050617
10 0.782657 0.207654 0.030446 0.049083
10 0.823465 0.210592 0.028612 0.043728
10 0.847183 0.221668 0.028946 0.049900
10 0.859045 0.216549 0.028890 0.049897
10 0.660876 0.202242 0.013877 0.052632
10 0.121582 0.215414 0.025850 0.050835
11 0.422864 0.215518 0.034601 0.055739
11 0.424697 0.169753 0.024861 0.039683
11 0.434808 0.158002 0.022536 0.039343
11 0.418910 0.192522 0.030048 0.050890
10 0.283746 0.178807 0.011502 0.043210
11 0.400560 0.155661 0.021567 0.035613
11 0.403105 0.123725 0.019871 0.033315
11 0.390322 0.117981 0.014418 0.025503
11 0.493491 0.154857 0.021324 0.037680
11 0.523903 0.139693 0.018417 0.028950
10 0.625739 0.181394 0.012480 0.042505
