7 0.347937 0.235666 0.043317 0.079033
11 0.558261 0.295298 0.053664 0.088712
7 0.239209 0.327764 0.073759 0.130781
11 0.293573 0.187982 0.042736 0.046239
11 0.813852 0.221891 0.079049 0.057061
11 0.476613 0.637910 0.094032 0.205192
11 0.387777 0.389432 0.063269 0.108263
11 0.268317 0.841944 0.186412 0.316112
11 0.490102 0.345842 0.051812 0.081296
11 0.480670 0.224326 0.034447 0.058883
11 0.542251 0.226267 0.036346 0.055880
11 0.361690 0.528360 0.103095 0.169380
11 0.700800 0.219532 0.077442 0.048227
11 0.991245 0.270439 0.017124 0.062313
11 0.931519 0.256338 0.078033 0.051960
11 0.937451 0.248450 0.064543 0.051566
11 0.353037 0.181522 0.032073 0.047168
11 0.528874 0.180377 0.027701 0.045406
9 0.841346 0.494484 0.037107 0.156082
9 0.578382 0.175926 0.009252 0.050682
10 0.121582 0.215414 0.025850 0.050835
10 0.165384 0.241285 0.019627 0.059005
11 0.422864 0.215518 0.034601 0.055739
11 0.424697 0.169753 0.024861 0.039683
11 0.434808 0.158002 0.022536 0.039343
11 0.418910 0.192522 0.030048 0.050890
11 0.477899 0.185001 0.024009 0.038452
11 0.490390 0.166082 0.019142 0.035068
11 0.519671 0.135936 0.017033 0.029531
11 0.406523 0.143319 0.021089 0.035068
11 0.390382 0.120247 0.015411 0.022148
11 0.351449 0.149163 0.023197 0.031377
