11 0.253697 0.296863 0.078292 0.090812
11 0.355455 0.404766 0.062705 0.113386
11 0.629267 0.200685 0.075735 0.045277
7 0.728540 0.261038 0.114525 0.083561
11 0.117243 0.266573 0.088269 0.063015
11 0.165882 0.226531 0.071564 0.049677
11 0.296764 0.692581 0.135942 0.241847
11 0.487355 0.930018 0.160559 0.139965
11 0.116456 0.353898 0.059168 0.108728
11 0.486404 0.695940 0.111717 0.227478
11 0.471288 0.220793 0.059110 0.062382
11 0.675014 0.734544 0.139875 0.255762
11 0.804218 0.953999 0.182748 0.089422
11 0.427639 0.194530 0.029532 0.044877
11 0.361196 0.168346 0.029607 0.047559
11 0.991274 0.273172 0.017452 0.054363
11 0.930597 0.246185 0.067019 0.047019
11 0.931519 0.256338 0.078033 0.051960
11 0.425800 0.169572 0.027286 0.042665
10 0.402043 0.273007 0.023795 0.070151
10 0.941915 0.572553 0.071454 0.151007
9 0.849322 0.515977 0.030399 0.130126
9 0.588391 0.175941 0.010579 0.052469
10 0.782657 0.207654 0.030446 0.049083
10 0.823465 0.210592 0.028612 0.043728
10 0.843190 0.219921 0.028946 0.049900
10 0.846864 0.214801 0.028890 0.049897
10 0.907072 0.216374 0.028269 0.045809
10 0.121582 0.215414 0.025850 0.050835
11 0.492484 0.154660 0.021642 0.033917
