16 0.368541 0.536462 0.229809 0.547574
6 0.448042 0.172118 0.065748 0.105969
15 0.098046 0.759715 0.194532 0.478758
15 0.786501 0.172300 0.056370 0.056626
17 0.526494 0.133016 0.016910 0.034945
15 0.569840 0.118611 0.018820 0.038405
15 0.600186 0.145339 0.030102 0.048329
12 0.251234 0.517162 0.108450 0.202136
5 0.868267 0.436117 0.042146 0.101068
5 0.671182 0.341486 0.040028 0.086893
5 0.676576 0.323844 0.042299 0.082154
13 0.845062 0.191924 0.056209 0.044763
3 0.824906 0.190080 0.050531 0.043183
2 0.526976 0.112858 0.023062 0.046214
15 0.919950 0.170691 0.067334 0.075263
15 0.854039 0.157091 0.079577 0.085562
5 0.741554 0.173961 0.016653 0.035392
