15 0.635387 0.578338 0.204684 0.607351
15 0.546067 0.244474 0.048732 0.094456
3 0.453857 0.597628 0.084473 0.151460
13 0.306396 0.610401 0.102051 0.164234
3 0.246338 0.807938 0.148926 0.219891
13 0.478760 0.321624 0.040527 0.081204
3 0.224609 0.265511 0.040039 0.041971
3 0.501221 0.238595 0.026855 0.037409
13 0.934570 0.297901 0.073242 0.052007
13 0.502686 0.190237 0.018066 0.028285
13 0.544922 0.184763 0.018555 0.028285
3 0.361816 0.234945 0.031250 0.042883
13 0.525146 0.197993 0.020020 0.034672
3 0.656006 0.184307 0.018066 0.025547
5 0.658203 0.219891 0.011719 0.031022
5 0.763129 0.263556 0.022351 0.039886
3 0.528809 0.151004 0.010742 0.017336
5 0.147855 0.266006 0.012126 0.032931
