15 0.628594 0.551368 0.165950 0.483785
16 0.408126 0.239319 0.064576 0.106219
15 0.270966 0.232517 0.084781 0.106532
15 0.096340 0.334405 0.192199 0.203654
13 0.522802 0.245668 0.026694 0.043397
15 0.558946 0.214121 0.038613 0.092338
17 0.371484 0.210895 0.023162 0.044393
12 0.411854 0.186036 0.022143 0.031370
15 0.475302 0.154927 0.015614 0.037121
5 0.673950 0.239876 0.008583 0.030913
15 0.576389 0.157149 0.017929 0.043910
3 0.537384 0.176997 0.011253 0.018267
13 0.552718 0.160485 0.010406 0.017986
