3 0.818432 0.420408 0.101363 0.093017
16 0.355692 0.399266 0.080255 0.194441
3 0.170734 0.300142 0.044074 0.055506
13 0.115609 0.286960 0.051832 0.054702
15 0.560136 0.637733 0.220073 0.672440
17 0.536786 0.214310 0.022233 0.045832
15 0.283627 0.197126 0.057810 0.078724
3 0.219943 0.235034 0.031466 0.035847
3 0.181114 0.258281 0.034736 0.041609
16 0.501109 0.232857 0.040648 0.101900
13 0.033694 0.412451 0.067169 0.104689
15 0.736324 0.582444 0.292154 0.624586
5 0.620117 0.214896 0.010794 0.037937
5 0.675499 0.257395 0.014648 0.042259
3 0.509611 0.155830 0.013877 0.019689
15 0.322315 0.172422 0.037899 0.060937
15 0.052049 0.353927 0.104229 0.101769
3 0.250562 0.215191 0.020882 0.031561
