15 0.616566 0.543857 0.167534 0.528157
16 0.489818 0.267880 0.065779 0.168569
3 0.349540 0.941052 0.157960 0.114841
17 0.457928 0.501216 0.071468 0.138514
15 0.096208 0.305681 0.132730 0.186148
17 0.384448 0.307725 0.046389 0.099927
17 0.354290 0.190430 0.022813 0.039341
16 0.563991 0.192547 0.030713 0.070618
3 0.528962 0.172669 0.015782 0.027533
13 0.510382 0.180992 0.019531 0.028872
3 0.544948 0.190222 0.017732 0.026505
18 0.552657 0.145257 0.021844 0.048277
13 0.513723 0.160640 0.014905 0.024139
13 0.528886 0.150464 0.013877 0.023665
16 0.506014 0.136501 0.016447 0.040231
15 0.526958 0.127035 0.016704 0.034551
