11 0.265079 0.297782 0.064731 0.099585
11 0.577638 0.341954 0.063862 0.112178
11 0.211260 0.221079 0.066343 0.054019
7 0.325193 0.565789 0.107517 0.218037
11 0.339635 0.276582 0.052334 0.088106
11 0.490715 0.410889 0.062165 0.111373
11 0.932019 0.257680 0.087340 0.055307
11 0.689641 0.805207 0.151933 0.277013
11 0.261121 0.867367 0.182696 0.265266
11 0.309399 0.224358 0.039402 0.058667
11 0.495379 0.674827 0.106374 0.196196
11 0.486196 0.267024 0.041766 0.079251
7 0.284103 0.186819 0.047392 0.066267
11 0.916475 0.244009 0.069413 0.049927
11 0.319288 0.171841 0.024893 0.041757
0 0.350404 0.156409 0.044041 0.081699
11 0.378887 0.197259 0.033988 0.058097
11 0.522260 0.183642 0.028722 0.052651
11 0.393966 0.168210 0.024893 0.045389
10 0.712055 0.329147 0.024630 0.077037
10 0.882542 0.420248 0.033939 0.103668
10 0.757694 0.328560 0.024840 0.076878
10 0.906905 0.598457 0.051286 0.151117
10 0.717728 0.279676 0.020756 0.060212
10 0.811732 0.430144 0.034131 0.097349
9 0.834623 0.532198 0.033043 0.169275
10 0.808789 0.335410 0.028471 0.077128
10 0.742893 0.278875 0.020530 0.064786
10 0.801717 0.311599 0.022806 0.062652
10 0.671460 0.225383 0.014912 0.048791
10 0.654502 0.223858 0.014327 0.052395
10 0.628845 0.224135 0.014181 0.055167
10 0.608890 0.216927 0.014166 0.054516
10 0.641417 0.211383 0.014181 0.046851
10 0.663639 0.196967 0.013011 0.045742
10 0.605820 0.189344 0.012865 0.049900
9 0.623290 0.178255 0.006871 0.050455
10 0.120940 0.253493 0.015419 0.058480
10 0.134217 0.236842 0.015419 0.056043
11 0.384368 0.141187 0.018384 0.030678
11 0.399164 0.126865 0.016325 0.023148
11 0.440102 0.145472 0.019142 0.033838
11 0.436695 0.156085 0.022711 0.036606
11 0.426909 0.167896 0.025333 0.039869
11 0.410335 0.142088 0.022549 0.038760
10 0.594941 0.171312 0.008922 0.035684
10 0.585289 0.141780 0.006813 0.030762
