11 0.207582 0.488058 0.111501 0.181185
11 0.480504 0.892335 0.148608 0.215329
11 0.630532 0.495883 0.084970 0.142057
11 0.486813 0.203921 0.032324 0.050151
7 0.363439 0.464326 0.092990 0.170222
11 0.345918 0.246722 0.043249 0.080400
11 0.556525 0.284845 0.045959 0.065435
11 0.282357 0.828883 0.167189 0.309609
11 0.493244 0.259234 0.041384 0.065625
0 0.250727 0.248721 0.093227 0.155825
11 0.874371 0.232114 0.065459 0.050432
11 0.930830 0.259485 0.086387 0.053876
11 0.487162 0.429923 0.064436 0.116239
11 0.044170 0.574575 0.087956 0.196699
11 0.915278 0.242647 0.061275 0.049020
11 0.301337 0.187727 0.034946 0.049927
11 0.384392 0.178195 0.033509 0.054466
11 0.425561 0.170025 0.025058 0.039325
11 0.355430 0.174564 0.029201 0.045389
11 0.329820 0.167756 0.028722 0.040850
11 0.522499 0.180011 0.030470 0.051743
7 0.156767 0.213598 0.076114 0.074437
9 0.833774 0.531656 0.035488 0.165291
10 0.755800 0.321144 0.023320 0.071322
10 0.709779 0.252086 0.018932 0.059261
10 0.665642 0.224045 0.016645 0.052371
10 0.866056 0.459037 0.033656 0.105363
10 0.908567 0.600277 0.054778 0.154077
10 0.795896 0.378752 0.027740 0.089025
10 0.631011 0.226327 0.014956 0.055659
10 0.686407 0.220183 0.016665 0.052901
10 0.985742 0.518881 0.028243 0.123625
10 0.641562 0.203331 0.012878 0.047144
10 0.605522 0.198582 0.014130 0.048501
10 0.143855 0.248213 0.019274 0.060916
10 0.179191 0.242122 0.017989 0.064977
10 0.298383 0.146543 0.008860 0.031735
10 0.283912 0.157930 0.009451 0.031362
11 0.436497 0.154549 0.021879 0.035418
11 0.403878 0.156446 0.022013 0.033647
11 0.384934 0.142279 0.020945 0.030105
11 0.415751 0.139623 0.020145 0.030358
11 0.397141 0.128238 0.016810 0.028334
11 0.481723 0.157584 0.022947 0.036936
10 0.615400 0.184780 0.011206 0.042755
10 0.591453 0.156573 0.008405 0.032382
10 0.607195 0.174914 0.011073 0.038707
10 0.600124 0.144429 0.007871 0.030864
