11 0.294921 0.328405 0.060676 0.103376
11 0.181109 0.357450 0.077339 0.106507
11 0.374874 0.492322 0.094180 0.156796
11 0.394899 0.375715 0.060350 0.093821
7 0.393216 0.301520 0.050644 0.085043
11 0.260906 0.278104 0.053416 0.074315
11 0.805737 0.227076 0.066521 0.051444
11 0.326534 0.200215 0.034595 0.051064
11 0.351532 0.221578 0.040650 0.064310
11 0.615589 0.513361 0.089862 0.141351
11 0.494581 0.305364 0.045638 0.074314
11 0.310232 0.740260 0.145669 0.245337
11 0.477115 0.207655 0.034756 0.059536
11 0.426991 0.225840 0.037613 0.058708
11 0.541815 0.251140 0.042988 0.075992
11 0.138648 0.573400 0.142433 0.232145
11 0.930257 0.257848 0.081818 0.051219
11 0.913842 0.243101 0.060317 0.051743
7 0.863099 0.216322 0.071806 0.061728
11 0.528560 0.201167 0.032073 0.047204
11 0.579245 0.191812 0.061983 0.053468
11 0.963149 0.243119 0.061275 0.055338
11 0.420295 0.199528 0.028722 0.046296
11 0.487075 0.177288 0.023457 0.043573
11 0.417184 0.181826 0.027286 0.047204
11 0.359021 0.168210 0.025850 0.039942
11 0.395881 0.164990 0.026808 0.038889
10 0.909785 0.597506 0.050024 0.147649
9 0.833090 0.530513 0.026865 0.167913
10 0.764391 0.327453 0.023994 0.080101
10 0.661475 0.201917 0.014563 0.049545
10 0.693599 0.194201 0.016276 0.048733
10 0.092122 0.224486 0.014540 0.048148
11 0.529728 0.162545 0.023197 0.035991
11 0.478525 0.154173 0.024171 0.040907
11 0.514885 0.140550 0.017844 0.030146
11 0.438318 0.153931 0.021413 0.036606
11 0.418770 0.131783 0.018006 0.029224
11 0.400764 0.128861 0.018331 0.027070
11 0.383731 0.143319 0.021251 0.032607
10 0.626806 0.163403 0.008672 0.035418
11 0.444835 0.139623 0.019611 0.029852
11 0.983642 0.274556 0.031987 0.053249
