11 0.321602 0.701330 0.137201 0.228548
11 0.309972 0.306142 0.056899 0.088945
11 0.395104 0.375279 0.059230 0.093315
11 0.498766 0.938425 0.144065 0.123150
11 0.374061 0.490804 0.092669 0.154740
11 0.510628 0.589159 0.095044 0.183954
7 0.394162 0.305455 0.050549 0.088787
11 0.573100 0.319332 0.052110 0.087322
11 0.647638 0.567195 0.098474 0.158969
11 0.522280 0.245285 0.045394 0.066996
11 0.265134 0.265935 0.047717 0.076446
11 0.528870 0.199113 0.033060 0.050570
11 0.333214 0.192685 0.033529 0.047899
11 0.426859 0.222873 0.037732 0.058149
11 0.374967 0.190998 0.030446 0.049672
11 0.173728 0.408294 0.091396 0.129606
7 0.711718 0.196599 0.069222 0.052348
11 0.713029 0.218742 0.069296 0.046677
11 0.055673 0.661725 0.107156 0.276389
11 0.477979 0.178195 0.027286 0.043573
11 0.420056 0.199528 0.027286 0.046296
11 0.415508 0.183188 0.024893 0.048112
11 0.930257 0.257848 0.081818 0.051219
11 0.913842 0.243101 0.060317 0.051743
11 0.899481 0.234023 0.059360 0.046296
7 0.893976 0.221768 0.078029 0.058097
10 0.905221 0.595063 0.052489 0.150848
9 0.833765 0.530211 0.037033 0.166532
9 0.654622 0.178363 0.008952 0.048611
10 0.613504 0.185673 0.011136 0.046296
10 0.156528 0.204049 0.025467 0.045325
11 0.368513 0.162784 0.026292 0.039289
11 0.383719 0.144403 0.021082 0.031017
11 0.406013 0.148539 0.022778 0.041586
11 0.434667 0.162554 0.020476 0.038370
11 0.439574 0.150836 0.020840 0.033774
11 0.399652 0.127975 0.016357 0.029409
11 0.521116 0.182658 0.023748 0.041816
11 0.528567 0.158763 0.026292 0.044573
11 0.427099 0.122100 0.016178 0.023985
11 0.415333 0.113593 0.015296 0.027610
11 0.983642 0.274556 0.031987 0.053249
