11 0.396101 0.445783 0.078273 0.117361
11 0.482528 0.215572 0.032710 0.052211
11 0.456910 0.247355 0.061904 0.064932
11 0.486529 0.768723 0.122829 0.299568
11 0.678173 0.805398 0.157682 0.286723
11 0.249393 0.865668 0.181982 0.268385
11 0.426536 0.212314 0.036979 0.053649
11 0.240752 0.266752 0.081934 0.058725
11 0.363239 0.311948 0.066722 0.084099
11 0.864288 0.232555 0.070953 0.046333
11 0.915278 0.244916 0.063189 0.048112
11 0.931275 0.258776 0.083854 0.053073
7 0.955480 0.309523 0.088063 0.088362
11 0.630926 0.206790 0.070849 0.046296
11 0.497846 0.188544 0.029680 0.044372
11 0.542126 0.188635 0.028244 0.044481
11 0.412397 0.190468 0.027286 0.048076
11 0.392770 0.166394 0.028244 0.045389
11 0.361175 0.170025 0.024414 0.043573
11 0.327665 0.165487 0.028244 0.043573
10 0.853835 0.512079 0.036488 0.127084
10 0.936014 0.459361 0.041254 0.109668
9 0.826885 0.511086 0.026156 0.149777
10 0.779905 0.207602 0.025271 0.047921
10 0.691672 0.192170 0.017561 0.049545
10 0.157006 0.204067 0.025058 0.046698
11 0.983642 0.274556 0.031987 0.053249
10 0.249950 0.178436 0.010736 0.040161
11 0.361812 0.137221 0.019795 0.031281
11 0.375064 0.153800 0.018585 0.033158
11 0.384741 0.143268 0.019245 0.032115
11 0.405471 0.150905 0.024414 0.038947
11 0.390570 0.118556 0.014406 0.021897
11 0.431315 0.170796 0.021775 0.040457
11 0.478879 0.157449 0.021885 0.036703
11 0.435439 0.160577 0.022764 0.039206
11 0.440223 0.147231 0.022435 0.037120
7 0.531391 0.154425 0.024854 0.041083
11 0.513795 0.141808 0.018036 0.028362
