11 0.601235 0.442998 0.068543 0.112109
11 0.290114 0.349486 0.065605 0.100086
11 0.182045 0.353629 0.087378 0.119234
11 0.926096 0.244859 0.073086 0.052753
11 0.370182 0.482273 0.081039 0.136816
11 0.391431 0.374162 0.054024 0.093218
11 0.301322 0.231876 0.046619 0.072073
11 0.545167 0.236595 0.036383 0.055408
11 0.388929 0.303401 0.043872 0.074109
11 0.498584 0.282949 0.041363 0.078804
11 0.488008 0.228917 0.035940 0.057173
11 0.261350 0.857937 0.169421 0.284125
11 0.435342 0.226076 0.039289 0.060153
11 0.488009 0.606330 0.102969 0.213568
11 0.748084 0.878565 0.190210 0.244555
11 0.342266 0.189089 0.032552 0.045389
11 0.425606 0.201669 0.029589 0.046946
11 0.490665 0.192720 0.030637 0.050835
11 0.391094 0.166848 0.026808 0.044481
11 0.358781 0.164125 0.026329 0.042665
11 0.423877 0.180470 0.029680 0.039942
9 0.756410 0.484586 0.026404 0.153496
10 0.930279 0.485166 0.035464 0.105800
10 0.743319 0.281869 0.020590 0.066115
10 0.789314 0.319389 0.023905 0.070578
10 0.699753 0.258675 0.020223 0.063546
10 0.779385 0.287360 0.016430 0.054470
9 0.575061 0.173399 0.008326 0.049090
10 0.665338 0.206519 0.013393 0.048791
10 0.637217 0.202381 0.011759 0.047997
10 0.617785 0.181217 0.011958 0.042706
10 0.636719 0.182351 0.010762 0.041950
10 0.629644 0.173658 0.010164 0.037415
11 0.525294 0.168001 0.024854 0.038372
11 0.428549 0.165541 0.024232 0.036072
11 0.434425 0.155431 0.021203 0.035613
11 0.445208 0.135902 0.019265 0.029639
11 0.409466 0.143599 0.020961 0.031247
11 0.389837 0.133834 0.019992 0.032855
11 0.420491 0.130732 0.019265 0.032166
11 0.483011 0.152674 0.020234 0.034694
11 0.517602 0.139808 0.018174 0.027801
