11 0.289540 0.248548 0.045380 0.068331
11 0.621896 0.518427 0.093123 0.162307
11 0.240179 0.935094 0.185322 0.129811
11 0.311025 0.732565 0.144108 0.243386
7 0.509335 0.465811 0.077611 0.183086
11 0.716791 0.858678 0.184629 0.282643
11 0.501529 0.920998 0.180595 0.158003
11 0.345044 0.187639 0.030336 0.046295
11 0.671528 0.203258 0.067079 0.042720
11 0.378648 0.189089 0.030637 0.045389
11 0.426040 0.178214 0.027765 0.045352
11 0.571977 0.193757 0.061275 0.052651
11 0.931794 0.244916 0.065583 0.051743
7 0.965294 0.249855 0.068436 0.072513
11 0.916954 0.234023 0.061753 0.042665
10 0.907870 0.593019 0.051011 0.145022
10 0.699432 0.324368 0.021646 0.082203
10 0.868435 0.513739 0.037047 0.120473
10 0.807917 0.310174 0.023404 0.072342
9 0.814254 0.495636 0.033625 0.152770
10 0.951111 0.436839 0.034009 0.104004
10 0.947434 0.587304 0.043279 0.139348
10 0.982358 0.513475 0.035636 0.121255
10 0.722960 0.312520 0.020620 0.067168
10 0.803320 0.407371 0.025877 0.088650
10 0.921321 0.478361 0.037299 0.106578
10 0.825766 0.339373 0.020361 0.068653
10 0.754989 0.404400 0.029022 0.092987
10 0.831896 0.409792 0.025200 0.090124
10 0.861904 0.438799 0.034348 0.096255
10 0.916428 0.439542 0.031589 0.082694
10 0.767543 0.325152 0.019616 0.064739
10 0.760626 0.372478 0.021738 0.065939
10 0.742375 0.335405 0.023379 0.072674
10 0.757622 0.293934 0.018465 0.057044
10 0.087749 0.284947 0.022147 0.068615
10 0.809007 0.359301 0.021042 0.066901
10 0.043502 0.295038 0.020041 0.069286
10 0.139464 0.238439 0.017471 0.056456
10 0.159846 0.239230 0.017919 0.057305
9 0.579796 0.173626 0.010280 0.052794
10 0.623337 0.176943 0.011993 0.044672
11 0.392086 0.166200 0.026261 0.042017
11 0.476201 0.153750 0.024619 0.043573
11 0.527491 0.159975 0.023799 0.042017
10 0.269857 0.173251 0.011502 0.037037
11 0.372479 0.151297 0.023754 0.037746
11 0.409870 0.144415 0.023534 0.030656
11 0.386831 0.138368 0.019465 0.027736
11 0.415204 0.131798 0.019685 0.032533
11 0.395409 0.129192 0.017926 0.027736
11 0.424332 0.127732 0.014846 0.029404
11 0.475029 0.127106 0.015946 0.024816
11 0.515610 0.130547 0.018366 0.030030
