11 0.346143 0.614338 0.116330 0.185453
11 0.189465 0.350744 0.077940 0.101919
11 0.583623 0.367314 0.061171 0.101410
11 0.321689 0.269266 0.053683 0.083357
11 0.128376 0.601190 0.141502 0.218516
7 0.492570 0.225963 0.032960 0.074062
11 0.425983 0.221665 0.036560 0.060604
7 0.957400 0.249503 0.084884 0.069862
11 0.297765 0.222958 0.044436 0.063715
11 0.255961 0.893119 0.186813 0.213762
11 0.382901 0.180385 0.032163 0.049261
11 0.552620 0.264971 0.045097 0.068452
11 0.499387 0.953998 0.154523 0.090753
11 0.487039 0.498878 0.085261 0.176362
11 0.770259 0.220835 0.078565 0.049070
11 0.626010 0.548459 0.096350 0.169482
11 0.528102 0.169720 0.030208 0.040144
11 0.933363 0.243004 0.063402 0.053752
10 0.906070 0.517273 0.039820 0.118578
10 0.957271 0.494054 0.034557 0.104155
10 0.673775 0.277862 0.018557 0.066809
10 0.921806 0.437814 0.033473 0.105513
10 0.925805 0.586080 0.045395 0.140551
9 0.811482 0.494104 0.033130 0.156078
10 0.864000 0.454407 0.034015 0.098868
10 0.781290 0.419563 0.028919 0.099434
10 0.632659 0.232677 0.015101 0.054479
10 0.970975 0.570819 0.043838 0.132255
10 0.766980 0.381300 0.022453 0.078540
10 0.874478 0.377543 0.030878 0.085471
10 0.726848 0.313325 0.017760 0.070869
10 0.713211 0.327781 0.020989 0.079314
10 0.779649 0.267841 0.019705 0.058863
10 0.985097 0.502019 0.029807 0.113741
10 0.824413 0.353626 0.027556 0.086813
10 0.650160 0.244304 0.014334 0.056125
10 0.745484 0.261856 0.018236 0.057694
10 0.667761 0.240321 0.015583 0.054531
10 0.687992 0.227918 0.014065 0.051626
10 0.751353 0.314420 0.019898 0.069937
10 0.763873 0.290814 0.018132 0.065372
10 0.818608 0.324598 0.019198 0.060653
10 0.608842 0.215569 0.013906 0.050531
10 0.712449 0.231508 0.013999 0.056601
10 0.990953 0.707912 0.017985 0.184498
10 0.749000 0.295108 0.018640 0.060373
11 0.401273 0.150049 0.026127 0.042820
9 0.576725 0.173967 0.010280 0.047238
11 0.377727 0.147780 0.022033 0.035640
10 0.670898 0.226753 0.013738 0.048703
10 0.612738 0.198437 0.011796 0.044173
10 0.645514 0.202826 0.011050 0.039925
10 0.650367 0.186686 0.011498 0.041624
10 0.630283 0.213161 0.014335 0.042474
11 0.515676 0.146959 0.020679 0.036936
11 0.390604 0.133930 0.017610 0.029599
11 0.422155 0.131148 0.018277 0.028587
11 0.428626 0.122293 0.016276 0.029093
11 0.400743 0.127606 0.014675 0.025046
11 0.520278 0.123811 0.017077 0.026563
