11 0.345853 0.624267 0.123982 0.209919
11 0.212905 0.462633 0.110902 0.161808
11 0.382631 0.468652 0.080518 0.127176
11 0.494589 0.365507 0.057500 0.103319
11 0.296295 0.262904 0.058518 0.092936
11 0.562700 0.323888 0.047863 0.083359
11 0.392477 0.172386 0.027454 0.044695
11 0.770555 0.222169 0.075527 0.049775
11 0.346925 0.180761 0.030077 0.042436
11 0.533055 0.201558 0.031279 0.048458
7 0.957583 0.249490 0.084300 0.071253
11 0.490248 0.221960 0.036990 0.065723
11 0.606062 0.527041 0.088454 0.154864
11 0.483265 0.819437 0.130333 0.303062
11 0.433081 0.230754 0.041089 0.062312
11 0.549663 0.243290 0.037096 0.061597
11 0.368891 0.156009 0.025638 0.040859
11 0.933363 0.243004 0.063402 0.053752
10 0.868767 0.540888 0.041824 0.131785
10 0.942973 0.581206 0.045610 0.129023
10 0.727646 0.362986 0.023848 0.087095
10 0.828529 0.315806 0.022803 0.073200
10 0.657118 0.247870 0.016246 0.058019
10 0.878101 0.466707 0.032784 0.107658
10 0.849607 0.393110 0.029811 0.089527
10 0.795693 0.413267 0.026034 0.097009
10 0.754171 0.400695 0.025013 0.093045
10 0.971841 0.679457 0.055216 0.166497
10 0.788058 0.305395 0.021669 0.072743
10 0.712727 0.327247 0.021161 0.073470
10 0.768979 0.357148 0.019902 0.074807
10 0.702037 0.280087 0.017805 0.061106
10 0.634435 0.241674 0.016094 0.059517
10 0.688502 0.233720 0.016725 0.056549
10 0.730728 0.254535 0.017356 0.053189
10 0.748134 0.280171 0.018908 0.060188
10 0.759013 0.328120 0.020130 0.066656
10 0.832976 0.477231 0.028604 0.115989
10 0.973492 0.547494 0.046393 0.127886
10 0.722399 0.292735 0.016588 0.060124
10 0.762414 0.292662 0.016530 0.055389
9 0.813809 0.495163 0.022822 0.153894
10 0.709891 0.263556 0.016854 0.052072
10 0.673715 0.214744 0.011831 0.048433
10 0.049124 0.325433 0.025086 0.090044
9 0.572975 0.174129 0.007990 0.051390
10 0.661220 0.214138 0.012094 0.043000
10 0.621251 0.211273 0.011049 0.046769
10 0.635400 0.219046 0.012973 0.048256
10 0.640604 0.207759 0.010692 0.043255
10 0.648017 0.194242 0.011690 0.044607
10 0.611734 0.196878 0.011548 0.048527
10 0.633832 0.175723 0.010977 0.043525
10 0.620003 0.168559 0.011405 0.041903
10 0.598369 0.179576 0.011619 0.043931
10 0.270130 0.173051 0.010632 0.036216
7 0.487389 0.152239 0.020926 0.043066
11 0.522510 0.161929 0.021737 0.038452
11 0.516183 0.130860 0.016546 0.030454
11 0.416012 0.139935 0.020926 0.032607
11 0.426394 0.121478 0.015086 0.025225
11 0.386002 0.142546 0.021251 0.032306
11 0.397357 0.131937 0.017358 0.027685
11 0.407334 0.123939 0.015898 0.025225
