11 0.216486 0.324192 0.069937 0.092510
11 0.770125 0.223362 0.079695 0.050759
11 0.395896 0.339170 0.051130 0.076347
11 0.679569 0.735258 0.135185 0.242414
11 0.352341 0.592240 0.110195 0.188639
11 0.299790 0.306078 0.055855 0.084532
11 0.478470 0.790441 0.123321 0.250812
11 0.332057 0.193958 0.035586 0.051308
11 0.391594 0.405186 0.068592 0.120390
11 0.298659 0.186024 0.035697 0.049315
11 0.272219 0.868979 0.182162 0.260174
11 0.142095 0.229112 0.076787 0.056417
7 0.748296 0.456690 0.077097 0.147821
11 0.729284 0.956212 0.176933 0.087577
11 0.433113 0.231953 0.040751 0.058177
11 0.416473 0.199324 0.029666 0.053150
11 0.500380 0.209414 0.030639 0.052603
11 0.086801 0.721423 0.168177 0.295026
11 0.970658 0.318411 0.057142 0.072622
11 0.377422 0.185811 0.033019 0.049514
7 0.956926 0.249455 0.084252 0.069898
11 0.899720 0.229938 0.074200 0.052651
11 0.932273 0.244916 0.065583 0.051743
11 0.877939 0.219953 0.067976 0.047204
11 0.510114 0.182503 0.027727 0.041685
11 0.480612 0.175036 0.023935 0.038998
11 0.329431 0.166319 0.027746 0.037219
11 0.418102 0.180556 0.022638 0.041246
11 0.428533 0.165825 0.023970 0.038721
11 0.379894 0.152105 0.022372 0.036195
9 0.596190 0.464721 0.037116 0.151213
10 0.753441 0.312458 0.024914 0.073788
10 0.706353 0.320140 0.023736 0.075627
10 0.638237 0.190367 0.012462 0.044173
9 0.572380 0.173011 0.006801 0.049153
11 0.408984 0.145137 0.020769 0.034273
11 0.441636 0.141066 0.019771 0.031054
11 0.449325 0.128380 0.017574 0.026509
11 0.424611 0.126108 0.019272 0.031054
11 0.410032 0.121279 0.016276 0.024805
11 0.386817 0.118818 0.014978 0.024048
11 0.484623 0.162558 0.021269 0.037302
11 0.514828 0.140404 0.020370 0.032758
11 0.474637 0.141256 0.018273 0.032568
11 0.482975 0.145137 0.021369 0.033136
11 0.438640 0.109729 0.014978 0.021775
10 0.270130 0.173051 0.010632 0.036216
