11 0.478424 0.790529 0.123777 0.250746
11 0.393711 0.337959 0.051608 0.078632
11 0.777405 0.219433 0.074245 0.054583
7 0.602801 0.195416 0.058940 0.056231
11 0.272587 0.869463 0.182100 0.258704
11 0.352125 0.592915 0.108620 0.188748
11 0.727487 0.945687 0.185608 0.108626
11 0.333748 0.160841 0.029465 0.042959
11 0.390927 0.404423 0.067025 0.118855
11 0.360633 0.167212 0.027330 0.041283
11 0.418233 0.201973 0.030204 0.051545
11 0.437493 0.238079 0.044145 0.061334
11 0.990707 0.309172 0.018016 0.079828
7 0.956926 0.249455 0.084252 0.069898
11 0.932273 0.244916 0.065583 0.051743
11 0.527286 0.172295 0.027286 0.044481
11 0.678900 0.735372 0.141150 0.241986
9 0.678059 0.470696 0.030134 0.153439
10 0.954530 0.494848 0.039853 0.114300
10 0.862478 0.475871 0.051187 0.116638
10 0.262225 0.210095 0.012567 0.043940
10 0.663523 0.203135 0.011325 0.047109
11 0.416692 0.186079 0.024414 0.045484
11 0.424830 0.171865 0.025271 0.043047
11 0.386013 0.139955 0.021604 0.032391
11 0.407090 0.118402 0.018655 0.028301
11 0.433451 0.159161 0.021413 0.039067
11 0.440913 0.147164 0.020440 0.032300
11 0.441562 0.135474 0.015898 0.027378
11 0.448132 0.125477 0.016060 0.029531
11 0.487876 0.163160 0.027415 0.040913
11 0.521780 0.143319 0.020602 0.030146
11 0.509694 0.131937 0.016222 0.027685
11 0.480251 0.149625 0.018006 0.033530
