11 0.345686 0.374180 0.069832 0.106241
11 0.830331 0.227574 0.074758 0.048970
11 0.636599 0.265741 0.098905 0.067528
11 0.706344 0.215956 0.080164 0.055044
11 0.579642 0.200805 0.072431 0.052500
11 0.416665 0.186871 0.029071 0.046095
11 0.678939 0.736984 0.139100 0.244882
11 0.478233 0.789461 0.124308 0.250350
11 0.152896 0.223832 0.064649 0.052290
11 0.444306 0.225189 0.049693 0.063400
11 0.726930 0.946021 0.184818 0.107958
11 0.358374 0.169342 0.028965 0.041331
11 0.917664 0.905019 0.164672 0.189961
11 0.871817 0.331891 0.099193 0.081539
11 0.856237 0.282899 0.103081 0.061108
7 0.956926 0.249455 0.084252 0.069898
11 0.933469 0.244463 0.069891 0.050835
11 0.503179 0.178858 0.043467 0.039869
11 0.391734 0.166606 0.025371 0.041721
10 0.977444 0.580831 0.045167 0.140205
9 0.844654 0.497349 0.039412 0.152649
11 0.371726 0.154802 0.023080 0.035418
11 0.382266 0.142152 0.022813 0.033394
11 0.370459 0.132286 0.017077 0.028334
11 0.394206 0.133551 0.018411 0.029852
11 0.433495 0.156446 0.024414 0.039719
11 0.438431 0.143291 0.018277 0.030611
11 0.446969 0.130768 0.018010 0.028334
11 0.451105 0.118372 0.015609 0.024287
11 0.433562 0.116221 0.015476 0.024540
11 0.406813 0.121408 0.016676 0.023781
11 0.389603 0.117992 0.016676 0.022516
11 0.416998 0.113818 0.014451 0.020239
11 0.486125 0.148224 0.022413 0.037442
11 0.473918 0.145694 0.019878 0.035418
11 0.518344 0.165427 0.023880 0.039466
11 0.521879 0.145694 0.021879 0.032888
11 0.584249 0.191738 0.059634 0.053633
11 0.516143 0.139623 0.021346 0.030358
