11 0.493624 0.213513 0.062055 0.060821
11 0.667810 0.216666 0.075768 0.047877
11 0.852399 0.306624 0.116952 0.071272
11 0.301900 0.185081 0.036681 0.041563
11 0.679604 0.736155 0.138817 0.244233
11 0.478304 0.789469 0.124474 0.250650
11 0.373803 0.458551 0.077677 0.127088
11 0.724559 0.410640 0.061032 0.105871
11 0.589067 0.260527 0.087805 0.068691
11 0.727396 0.945683 0.186776 0.108634
11 0.553375 0.197066 0.070848 0.053035
11 0.417278 0.187437 0.028335 0.046317
11 0.358196 0.166837 0.028033 0.041199
7 0.956926 0.249455 0.084252 0.069898
11 0.933469 0.244463 0.069891 0.050835
11 0.392607 0.166323 0.027267 0.040813
11 0.337718 0.160040 0.026329 0.038126
11 0.495692 0.184550 0.049307 0.054466
11 0.431027 0.161782 0.024414 0.036311
10 0.973960 0.579339 0.048372 0.133671
9 0.836021 0.498379 0.031252 0.157764
10 0.991059 0.550115 0.016002 0.110654
11 0.276795 0.167595 0.009920 0.038112
11 0.544515 0.175533 0.031747 0.048096
11 0.517167 0.157702 0.022947 0.039262
11 0.522171 0.145596 0.020187 0.034681
11 0.484558 0.165391 0.026053 0.031737
11 0.486542 0.150504 0.023810 0.036644
11 0.473170 0.143960 0.019152 0.033373
11 0.443235 0.138725 0.020014 0.030101
11 0.412178 0.142324 0.021395 0.030755
11 0.371028 0.153612 0.024673 0.032391
11 0.381467 0.141670 0.022775 0.033373
11 0.389921 0.135453 0.019324 0.032064
11 0.397426 0.130219 0.018116 0.026829
11 0.408900 0.122965 0.015183 0.023014
11 0.413645 0.116640 0.014321 0.021921
11 0.392768 0.116150 0.016391 0.020285
11 0.452897 0.114514 0.015873 0.022903
11 0.431589 0.099791 0.011905 0.018322
