11 0.343398 0.352349 0.065427 0.097271
11 0.489966 0.232980 0.068797 0.059203
11 0.174398 0.221069 0.073606 0.052319
11 0.670290 0.263260 0.075056 0.060596
11 0.580649 0.209151 0.072946 0.047363
11 0.240199 0.268692 0.076541 0.062522
11 0.858773 0.323876 0.082870 0.077314
11 0.679454 0.736492 0.139321 0.245845
11 0.425047 0.183260 0.027673 0.047667
11 0.478545 0.789616 0.123649 0.250915
11 0.720886 0.219265 0.069588 0.047637
11 0.342362 0.572849 0.113394 0.194722
11 0.964042 0.277904 0.070035 0.065647
11 0.727271 0.945468 0.186313 0.109064
11 0.903698 0.233201 0.071988 0.050099
11 0.358340 0.170180 0.028155 0.040548
7 0.956926 0.249455 0.084252 0.069898
11 0.933469 0.244463 0.069891 0.050835
11 0.507659 0.192229 0.059838 0.055301
11 0.392052 0.169572 0.025850 0.044481
11 0.349686 0.151416 0.025371 0.037219
9 0.860232 0.512717 0.035216 0.162808
10 0.974615 0.579817 0.048472 0.137453
11 0.485347 0.175472 0.042126 0.045389
11 0.542942 0.172463 0.030159 0.044408
10 0.253225 0.182224 0.012207 0.040375
11 0.258406 0.168228 0.010078 0.039298
11 0.401909 0.157865 0.023420 0.036337
11 0.441511 0.141581 0.022285 0.035530
11 0.435266 0.118836 0.014620 0.023417
11 0.429446 0.110357 0.013768 0.022071
11 0.371676 0.155577 0.023137 0.037683
11 0.381399 0.141581 0.021575 0.034453
11 0.390412 0.134044 0.018311 0.030685
11 0.374160 0.127988 0.017885 0.027724
11 0.397438 0.129872 0.016181 0.026647
11 0.406239 0.124085 0.016181 0.022610
11 0.411136 0.118971 0.014052 0.020995
11 0.517521 0.156788 0.023846 0.038491
11 0.521780 0.145214 0.019872 0.035261
11 0.484804 0.151001 0.025692 0.038221
11 0.473093 0.144676 0.018736 0.035261
11 0.445770 0.104705 0.014052 0.021533
