11 0.653980 0.703677 0.128518 0.222599
11 0.525371 0.204475 0.032495 0.053368
11 0.314524 0.294467 0.054734 0.083690
11 0.554153 0.259722 0.039745 0.065863
11 0.297966 0.233258 0.047348 0.068972
11 0.415608 0.192318 0.030622 0.049115
11 0.469002 0.296449 0.047360 0.075946
11 0.494169 0.459156 0.076797 0.150154
11 0.359695 0.221224 0.039575 0.062505
11 0.478461 0.224065 0.034553 0.057654
11 0.266374 0.200098 0.051758 0.051378
11 0.136139 0.405541 0.106934 0.145926
11 0.337316 0.190553 0.033611 0.045243
11 0.273841 0.831510 0.172987 0.313529
11 0.526165 0.159805 0.023197 0.039456
11 0.492311 0.153433 0.021870 0.034960
11 0.961661 0.253040 0.074548 0.056585
11 0.022411 0.245320 0.044823 0.063785
11 0.994747 0.269090 0.010506 0.057770
11 0.950942 0.242647 0.073242 0.052651
11 0.388940 0.173203 0.028244 0.046296
11 0.368365 0.160040 0.024395 0.036311
11 0.431306 0.161402 0.024893 0.035403
10 0.889846 0.524906 0.039058 0.104667
10 0.605574 0.216727 0.014837 0.055079
10 0.765945 0.288956 0.020846 0.067698
10 0.830896 0.390570 0.027360 0.088147
10 0.917097 0.462241 0.036448 0.110032
9 0.855965 0.284100 0.017024 0.067087
10 0.686493 0.274967 0.019955 0.063343
10 0.823233 0.340175 0.025203 0.073645
10 0.885477 0.606052 0.046269 0.143511
10 0.710236 0.274419 0.018515 0.063116
10 0.762267 0.364252 0.024882 0.084477
9 0.923607 0.604807 0.037130 0.172065
10 0.795259 0.434570 0.032134 0.100622
10 0.666864 0.245203 0.016435 0.058040
10 0.795088 0.387036 0.025497 0.069909
10 0.623069 0.218179 0.015064 0.053580
10 0.689281 0.229015 0.016183 0.051644
9 0.682489 0.187931 0.011832 0.050200
10 0.643147 0.208190 0.013277 0.047343
10 0.676608 0.231068 0.017074 0.055637
10 0.659936 0.203599 0.012730 0.044441
10 0.187057 0.220523 0.019630 0.053517
10 0.037925 0.303772 0.020606 0.070506
10 0.698817 0.227192 0.014074 0.051879
11 0.410338 0.140578 0.020620 0.035973
11 0.384686 0.142611 0.019795 0.031907
11 0.364655 0.135247 0.019630 0.029142
11 0.440030 0.143081 0.021280 0.034722
10 0.597072 0.166072 0.007423 0.031907
10 0.622146 0.173267 0.008413 0.031907
10 0.627013 0.191254 0.010228 0.035348
10 0.618270 0.159660 0.007258 0.033471
10 0.599464 0.158252 0.008578 0.030656
10 0.591216 0.151057 0.007588 0.031907
10 0.579009 0.144175 0.008908 0.033784
11 0.480776 0.125407 0.017651 0.026276
11 0.499086 0.116022 0.015671 0.027528
10 0.867759 0.213550 0.026736 0.044562
11 0.398763 0.127996 0.016489 0.025216
11 0.426209 0.124566 0.017127 0.025216
11 0.432645 0.117506 0.014042 0.022392
11 0.446155 0.134350 0.016808 0.027838
11 0.449825 0.125575 0.014574 0.024812
11 0.415837 0.114076 0.014893 0.022795
11 0.452165 0.118615 0.014999 0.027031
11 0.478228 0.106512 0.012021 0.019769
11 0.510727 0.098140 0.011702 0.019567
