11 0.142902 0.583404 0.138215 0.227186
11 0.313778 0.682410 0.132633 0.237555
11 0.256511 0.283617 0.055703 0.077736
11 0.930840 0.438653 0.079327 0.120029
11 0.337432 0.272295 0.053126 0.080710
11 0.485247 0.249833 0.037229 0.071079
11 0.575591 0.327644 0.052163 0.091978
11 0.371852 0.198240 0.032608 0.051273
11 0.424394 0.227547 0.039129 0.061032
11 0.535193 0.235109 0.035672 0.057751
11 0.141106 0.233693 0.078711 0.059074
11 0.494832 0.522822 0.084700 0.170638
11 0.498442 0.170919 0.024843 0.038838
11 0.035708 0.578327 0.071039 0.193547
11 0.419100 0.191224 0.028619 0.045375
11 0.514470 0.156309 0.021949 0.034410
11 0.961661 0.253040 0.074548 0.056585
11 0.950703 0.242647 0.072763 0.052651
11 0.367664 0.155471 0.023916 0.033479
11 0.429630 0.163217 0.027286 0.048112
11 0.400908 0.151888 0.022499 0.034459
9 0.803748 0.502801 0.035990 0.161194
10 0.695294 0.237622 0.016955 0.058827
10 0.887236 0.606433 0.050955 0.148912
10 0.656384 0.252094 0.018468 0.065756
9 0.682385 0.191880 0.012649 0.053441
9 0.776589 0.229786 0.012849 0.057588
10 0.649273 0.208433 0.013049 0.046895
10 0.624859 0.207136 0.014733 0.053480
10 0.642854 0.188877 0.012838 0.042106
10 0.613704 0.184786 0.013049 0.045498
10 0.597498 0.192768 0.011997 0.045099
10 0.627858 0.169520 0.011470 0.036917
10 0.830311 0.214286 0.027747 0.046443
11 0.388141 0.140235 0.020298 0.031761
11 0.493533 0.144003 0.020724 0.032838
11 0.516812 0.117087 0.014762 0.022610
11 0.487784 0.130141 0.018311 0.030416
11 0.477352 0.121797 0.014762 0.023956
11 0.506450 0.109550 0.013626 0.022610
11 0.491759 0.104301 0.011781 0.019111
11 0.479481 0.106993 0.013059 0.020726
11 0.440092 0.146964 0.020582 0.031761
11 0.443853 0.133640 0.018452 0.028262
11 0.449673 0.123143 0.017317 0.029339
11 0.417594 0.130141 0.019020 0.029339
11 0.427388 0.121124 0.015898 0.024763
11 0.395309 0.126104 0.015614 0.027186
11 0.406735 0.119509 0.014904 0.021533
