11 0.345935 0.537436 0.098609 0.158479
11 0.706334 0.444490 0.076230 0.130167
11 0.241395 0.367766 0.079194 0.113075
11 0.107072 0.236401 0.080200 0.056210
0 0.535386 0.156153 0.040543 0.100694
11 0.247105 0.282364 0.058882 0.076726
11 0.317437 0.175223 0.032855 0.043744
11 0.372076 0.202978 0.035107 0.054479
11 0.317172 0.217733 0.040447 0.057207
11 0.846713 0.229511 0.074991 0.048023
11 0.855285 0.774586 0.193825 0.263578
11 0.690088 0.812262 0.156019 0.279139
11 0.498781 0.759966 0.120496 0.277565
11 0.262837 0.197374 0.055037 0.052466
11 0.075463 0.725145 0.150927 0.322301
11 0.477026 0.220899 0.033968 0.065912
11 0.475472 0.193168 0.025619 0.044670
11 0.418945 0.203241 0.028320 0.044444
11 0.417480 0.181019 0.029297 0.048148
11 0.427979 0.169907 0.024902 0.042593
11 0.424117 0.226572 0.040438 0.057774
11 0.483398 0.181944 0.024414 0.042593
11 0.950703 0.242647 0.072763 0.052651
11 0.961949 0.253629 0.075125 0.055407
10 0.679001 0.241959 0.016409 0.058043
10 0.716392 0.288965 0.020891 0.073005
9 0.609693 0.485363 0.037473 0.158851
9 0.943411 0.335653 0.019477 0.085107
10 0.888376 0.607081 0.049094 0.141552
10 0.928989 0.584964 0.046303 0.133960
10 0.768342 0.340063 0.024862 0.080358
9 0.667560 0.189610 0.008754 0.048327
10 0.801038 0.333423 0.023483 0.078922
10 0.634002 0.193934 0.011129 0.043299
10 0.650740 0.183146 0.010754 0.041514
10 0.620571 0.176332 0.011800 0.043210
10 0.597011 0.166376 0.011565 0.038077
11 0.407435 0.148699 0.021416 0.036322
11 0.376645 0.145874 0.021416 0.033301
11 0.359940 0.137346 0.023129 0.037362
10 0.830311 0.214286 0.027747 0.046443
11 0.433722 0.155152 0.020815 0.036206
11 0.439358 0.141879 0.020329 0.036749
11 0.448383 0.129630 0.017099 0.033146
11 0.445058 0.134674 0.016909 0.036749
11 0.453133 0.123325 0.014439 0.027021
11 0.392715 0.132512 0.019379 0.028102
11 0.407249 0.122604 0.018429 0.026301
10 0.294299 0.145482 0.007980 0.030264
0 0.522844 0.122874 0.025975 0.063792
11 0.517308 0.100398 0.019446 0.046296
11 0.476145 0.164729 0.020866 0.034991
11 0.484236 0.146156 0.021717 0.032300
11 0.485513 0.130679 0.018594 0.029339
11 0.476003 0.122470 0.014620 0.026916
11 0.423981 0.106724 0.013059 0.019111
11 0.442718 0.102821 0.012491 0.020457
11 0.388894 0.404502 0.058925 0.107172
11 0.396366 0.323218 0.054466 0.093865
