11 0.654910 0.634306 0.114733 0.190696
11 0.323403 0.269441 0.051120 0.074429
11 0.502914 0.371899 0.055168 0.103075
11 0.348309 0.531311 0.096756 0.155088
11 0.226171 0.212472 0.065237 0.056490
11 0.840301 0.230218 0.078898 0.048950
11 0.281770 0.246514 0.048832 0.068250
11 0.478512 0.155122 0.022715 0.038255
11 0.479910 0.207461 0.029625 0.050897
11 0.532172 0.194995 0.030933 0.046001
7 0.484099 0.882846 0.151834 0.231336
11 0.552128 0.244088 0.035168 0.056388
11 0.036462 0.608458 0.072629 0.218443
11 0.419244 0.203136 0.029297 0.040741
11 0.416412 0.185440 0.031434 0.056991
11 0.428955 0.170833 0.022949 0.040741
11 0.424117 0.226572 0.040438 0.057774
11 0.950703 0.242647 0.072763 0.052651
11 0.961949 0.253629 0.075125 0.055407
10 0.032490 0.364636 0.030116 0.085085
9 0.753581 0.497498 0.027141 0.155762
10 0.891799 0.477044 0.036106 0.106695
10 0.882158 0.601556 0.048335 0.149328
10 0.926193 0.583907 0.048641 0.135095
10 0.616381 0.197196 0.012932 0.046137
10 0.605285 0.182531 0.010149 0.042345
9 0.632091 0.179255 0.008982 0.047303
10 0.063907 0.323734 0.024190 0.076453
10 0.041888 0.320181 0.026878 0.079698
10 0.604192 0.171937 0.009465 0.036182
11 0.525316 0.157550 0.020883 0.032479
10 0.830311 0.214286 0.027747 0.046443
11 0.433722 0.155152 0.020815 0.036206
11 0.439358 0.141879 0.020329 0.036749
11 0.448383 0.129630 0.017099 0.033146
11 0.445058 0.134674 0.016909 0.036749
11 0.453133 0.123325 0.014439 0.027021
11 0.391005 0.134674 0.022039 0.030984
10 0.255730 0.175746 0.011400 0.043234
10 0.296294 0.148004 0.007410 0.033146
11 0.425964 0.116840 0.014819 0.024859
11 0.517255 0.138997 0.017669 0.027381
11 0.510605 0.124045 0.016909 0.029903
11 0.475742 0.116659 0.014819 0.025940
11 0.481252 0.111255 0.012920 0.024499
11 0.491796 0.107112 0.011210 0.020536
10 0.597907 0.153769 0.007600 0.033867
11 0.402595 0.107472 0.012920 0.021257
11 0.413709 0.102068 0.011210 0.019816
0 0.515260 0.097024 0.017859 0.042874
11 0.388894 0.404502 0.058925 0.107172
11 0.396366 0.323218 0.054466 0.093865
