11 0.638252 0.675274 0.119160 0.221041
11 0.479018 0.444855 0.079206 0.151194
11 0.529354 0.162519 0.023724 0.037367
11 0.319783 0.175553 0.029407 0.043651
11 0.218887 0.455998 0.096135 0.144081
11 0.487402 0.872327 0.142962 0.255245
11 0.826453 0.230805 0.079698 0.053317
11 0.491836 0.321490 0.047181 0.082512
11 0.359411 0.206454 0.035000 0.055035
0 0.578923 0.300245 0.075193 0.189382
11 0.895944 0.845730 0.206990 0.297231
11 0.498020 0.209245 0.032004 0.045480
11 0.360637 0.170598 0.029283 0.041662
11 0.495249 0.176243 0.027003 0.044714
11 0.488663 0.236468 0.037248 0.058787
11 0.554440 0.254890 0.039041 0.069922
11 0.034574 0.618981 0.068731 0.195565
11 0.419721 0.204162 0.029871 0.044290
11 0.416855 0.184177 0.030547 0.054465
11 0.426666 0.171234 0.025949 0.039092
11 0.426032 0.224757 0.040438 0.057774
11 0.920124 0.227714 0.066101 0.042888
11 0.950703 0.242647 0.072763 0.052651
11 0.961949 0.253629 0.075125 0.055407
11 0.399237 0.154461 0.023082 0.034512
9 0.709591 0.445969 0.028775 0.137839
9 0.577502 0.174533 0.008784 0.045868
10 0.883180 0.597682 0.051227 0.144759
10 0.746002 0.286061 0.021034 0.063885
10 0.930615 0.588316 0.051509 0.137207
11 0.453133 0.123325 0.014439 0.027021
11 0.445058 0.134674 0.016909 0.036749
11 0.439358 0.141879 0.020329 0.036749
11 0.432552 0.155757 0.020815 0.036206
11 0.448383 0.129630 0.017099 0.033146
10 0.247598 0.170863 0.011383 0.035907
11 0.346744 0.152001 0.022872 0.035706
11 0.383817 0.143730 0.019361 0.031671
11 0.366636 0.133039 0.020531 0.032881
11 0.379296 0.126180 0.016063 0.027637
11 0.400518 0.112967 0.012978 0.022593
11 0.425783 0.120733 0.015851 0.025216
11 0.424294 0.106007 0.013936 0.022795
11 0.492058 0.152505 0.018191 0.030662
11 0.488920 0.142722 0.018084 0.030864
11 0.513706 0.134148 0.017021 0.029856
11 0.491898 0.122751 0.015957 0.027233
11 0.522908 0.124970 0.014999 0.027233
10 0.584501 0.137073 0.007766 0.028847
11 0.351139 0.519134 0.091136 0.150130
11 0.390036 0.396835 0.058678 0.107816
11 0.397915 0.322230 0.055306 0.093560
