11 0.089048 0.488550 0.122700 0.174613
11 0.753364 0.439379 0.067458 0.127325
11 0.184713 0.322680 0.067714 0.089785
11 0.272953 0.365251 0.072666 0.108397
11 0.489953 0.348072 0.052290 0.101006
11 0.860200 0.801866 0.191430 0.272006
11 0.827459 0.229876 0.076493 0.048138
11 0.241239 0.208327 0.059282 0.048169
11 0.310209 0.180720 0.034204 0.043802
11 0.550615 0.258498 0.039783 0.065761
11 0.482673 0.282501 0.044082 0.080148
11 0.486632 0.454356 0.067439 0.123785
11 0.304630 0.785376 0.145034 0.257796
11 0.335788 0.157884 0.025987 0.040791
11 0.490297 0.242754 0.031836 0.054897
11 0.489921 0.197124 0.029597 0.046908
0 0.541732 0.174302 0.043454 0.095307
11 0.419481 0.205070 0.029393 0.047921
11 0.416689 0.183945 0.030881 0.054000
11 0.428955 0.170833 0.022949 0.040741
11 0.426989 0.223849 0.040438 0.057774
11 0.398514 0.159586 0.024414 0.040850
11 0.920124 0.227714 0.066101 0.042888
11 0.950703 0.242647 0.072763 0.052651
11 0.961949 0.253629 0.075125 0.055407
11 0.379025 0.147382 0.021307 0.036195
11 0.354625 0.143603 0.020863 0.032660
10 0.880128 0.593553 0.048766 0.146083
10 0.691168 0.248989 0.017214 0.060097
10 0.929407 0.587206 0.050117 0.135502
9 0.624388 0.450044 0.026671 0.139376
9 0.576870 0.174189 0.009994 0.049053
10 0.629813 0.188491 0.010652 0.042650
11 0.351139 0.519134 0.091136 0.150130
11 0.390036 0.396835 0.058678 0.107816
11 0.397915 0.322230 0.055306 0.093560
11 0.432552 0.155757 0.020815 0.036206
11 0.439358 0.141879 0.020329 0.036749
11 0.445058 0.134674 0.016909 0.036749
11 0.448383 0.129630 0.017099 0.033146
11 0.453133 0.123325 0.014439 0.027021
10 0.247095 0.172068 0.010955 0.036206
11 0.415881 0.131559 0.019563 0.031755
11 0.408917 0.118204 0.014711 0.022851
11 0.432548 0.113752 0.014711 0.021664
11 0.417994 0.108559 0.014711 0.024929
11 0.491549 0.172958 0.026292 0.033238
11 0.492644 0.150997 0.021597 0.035019
11 0.523240 0.141946 0.018937 0.030567
11 0.492592 0.136446 0.015331 0.023209
11 0.489178 0.129361 0.015975 0.022721
11 0.512239 0.128017 0.015975 0.027851
11 0.521837 0.121665 0.015074 0.026874
