11 0.323185 0.705383 0.124289 0.222388
11 0.485283 0.323345 0.046548 0.085742
11 0.389754 0.389723 0.059451 0.107191
11 0.355643 0.505119 0.090791 0.146902
11 0.780320 0.385318 0.077944 0.095808
11 0.494804 0.259027 0.036533 0.063628
11 0.391926 0.307576 0.056862 0.088865
11 0.827593 0.229252 0.076740 0.048794
11 0.686900 0.799590 0.154053 0.276875
11 0.214513 0.219382 0.060211 0.055415
11 0.352270 0.172819 0.028570 0.046418
11 0.280294 0.190474 0.048411 0.052837
11 0.797098 0.666691 0.141613 0.200177
11 0.067595 0.237614 0.082525 0.057033
11 0.499638 0.738820 0.128368 0.276943
11 0.393582 0.168908 0.026164 0.042038
11 0.483320 0.218152 0.032470 0.058686
11 0.530590 0.184631 0.026989 0.040833
11 0.488367 0.196750 0.028167 0.042846
11 0.325519 0.171329 0.029163 0.039703
11 0.419434 0.206019 0.029297 0.040741
11 0.416297 0.183945 0.031663 0.054000
11 0.428955 0.170833 0.022949 0.040741
11 0.424117 0.226572 0.040438 0.057774
11 0.917017 0.228556 0.066101 0.042888
11 0.950703 0.242647 0.072763 0.052651
11 0.961949 0.253629 0.075125 0.055407
10 0.925135 0.583976 0.048380 0.135951
10 0.877641 0.581004 0.045455 0.145238
9 0.579278 0.429125 0.035269 0.141464
9 0.585951 0.177327 0.008936 0.049184
0 0.530056 0.141717 0.031035 0.069837
11 0.432552 0.155757 0.020815 0.036206
11 0.439358 0.141879 0.020329 0.036749
11 0.445058 0.134674 0.016909 0.036749
11 0.448383 0.129630 0.017099 0.033146
11 0.453133 0.123325 0.014439 0.027021
10 0.246469 0.171771 0.011268 0.039174
11 0.402265 0.150107 0.023006 0.037393
11 0.415881 0.138978 0.017685 0.028193
11 0.383329 0.142688 0.018624 0.032645
11 0.395066 0.129926 0.020502 0.032051
11 0.407195 0.120875 0.015650 0.025819
11 0.417759 0.109746 0.015807 0.023742
11 0.470108 0.147436 0.019406 0.029677
11 0.491549 0.163165 0.022849 0.036800
11 0.491158 0.136604 0.020502 0.038877
10 0.599691 0.155300 0.008764 0.035316
