11 0.367867 0.371437 0.058676 0.097246
11 0.909053 0.340614 0.091730 0.079237
11 0.669691 0.734485 0.139972 0.244051
11 0.355523 0.293038 0.061620 0.075671
11 0.808885 0.226471 0.078615 0.048257
11 0.352091 0.175107 0.029394 0.042108
11 0.190497 0.255283 0.086377 0.066198
11 0.499392 0.714569 0.129958 0.274527
11 0.362549 0.520206 0.086913 0.155511
11 0.493666 0.206746 0.030621 0.045535
11 0.237363 0.207348 0.060633 0.044541
11 0.486292 0.241172 0.034954 0.061610
11 0.390642 0.167966 0.026566 0.044187
11 0.483672 0.178361 0.027218 0.044671
11 0.040785 0.237084 0.081570 0.061430
11 0.419952 0.207771 0.028260 0.048643
11 0.416850 0.183158 0.030558 0.052427
11 0.428053 0.171566 0.022949 0.040741
11 0.427395 0.229190 0.040438 0.057774
11 0.527818 0.169234 0.023457 0.039034
11 0.887276 0.224347 0.066101 0.042888
11 0.950703 0.242647 0.072763 0.052651
11 0.961949 0.253629 0.075125 0.055407
9 0.554602 0.411658 0.029805 0.133938
10 0.828883 0.494331 0.045584 0.113000
10 0.747770 0.482723 0.051073 0.120871
9 0.586997 0.177277 0.008936 0.051036
0 0.527104 0.133945 0.028552 0.067483
11 0.431135 0.158689 0.020815 0.036206
11 0.436910 0.143101 0.020329 0.036749
11 0.444800 0.135407 0.016909 0.036749
11 0.447739 0.130118 0.017099 0.033146
11 0.453133 0.123325 0.014439 0.027021
10 0.267774 0.183436 0.012065 0.042259
11 0.368056 0.156115 0.022143 0.035530
11 0.382108 0.141311 0.024130 0.035530
11 0.375153 0.128526 0.020156 0.031492
11 0.396232 0.130410 0.018594 0.030416
11 0.402335 0.148848 0.022001 0.036068
11 0.412555 0.144407 0.018594 0.033646
11 0.427033 0.122335 0.015188 0.024494
11 0.414258 0.112645 0.014620 0.025571
11 0.429162 0.104840 0.012349 0.019649
11 0.469545 0.137274 0.018452 0.027455
11 0.485513 0.161230 0.020582 0.030685
11 0.492398 0.144676 0.019304 0.033107
11 0.435648 0.097322 0.010656 0.017986
11 0.444488 0.091771 0.011475 0.017542
