11 0.517730 0.168990 0.042479 0.046946
11 0.668968 0.735791 0.143108 0.248211
11 0.127956 0.300923 0.113368 0.072093
11 0.499846 0.714176 0.131266 0.273330
7 0.328836 0.288463 0.105027 0.082049
11 0.783847 0.255633 0.091106 0.059749
11 0.463152 0.267705 0.100113 0.066731
11 0.677940 0.210743 0.056484 0.050167
11 0.623551 0.223899 0.075269 0.056680
11 0.309832 0.229667 0.080714 0.060910
11 0.253723 0.872960 0.181688 0.254081
11 0.648542 0.246271 0.086234 0.061876
11 0.861233 0.285352 0.096612 0.068071
11 0.156193 0.264992 0.094845 0.061344
11 0.885527 0.238330 0.070348 0.054888
11 0.814989 0.229938 0.075157 0.054466
11 0.963140 0.256708 0.072744 0.068065
11 0.941607 0.239470 0.067976 0.064452
11 0.508717 0.975773 0.165370 0.048454
10 0.924286 0.606095 0.045192 0.144324
10 0.967703 0.594076 0.043661 0.144476
9 0.838066 0.517931 0.034886 0.163429
11 0.352036 0.174838 0.028175 0.043506
11 0.364279 0.160605 0.022248 0.034861
11 0.375578 0.148281 0.023536 0.036859
11 0.383014 0.140954 0.020609 0.031974
11 0.392206 0.133848 0.019789 0.031530
11 0.399762 0.123666 0.014206 0.024127
11 0.427392 0.118638 0.014051 0.025091
11 0.424348 0.124079 0.014754 0.024869
11 0.421596 0.129852 0.014403 0.025757
11 0.417439 0.135958 0.015925 0.025979
11 0.412229 0.144618 0.017915 0.031308
11 0.402861 0.153166 0.021662 0.040412
11 0.393641 0.167038 0.025869 0.040148
11 0.430148 0.164760 0.025226 0.039433
11 0.436116 0.152722 0.020726 0.035971
11 0.441432 0.144596 0.022131 0.033751
10 0.198146 0.212341 0.028814 0.046460
10 0.169246 0.201871 0.014493 0.043842
11 0.447549 0.128910 0.016909 0.026175
11 0.512078 0.130382 0.017599 0.031082
11 0.506876 0.110088 0.012775 0.022610
11 0.487997 0.109415 0.012491 0.020187
11 0.467203 0.098783 0.011497 0.019380
11 0.442505 0.097976 0.011213 0.017765
11 0.424833 0.104032 0.012207 0.017496
