11 0.193799 0.260544 0.094047 0.058802
11 0.668848 0.734830 0.143858 0.246331
11 0.777078 0.255402 0.092141 0.061767
11 0.648029 0.245334 0.083687 0.064318
11 0.065785 0.271569 0.094243 0.067869
11 0.499764 0.714794 0.131825 0.273818
11 0.119798 0.226635 0.080012 0.055977
11 0.967480 0.251740 0.064192 0.058127
11 0.517959 0.175735 0.034769 0.037741
11 0.921912 0.263922 0.085891 0.060661
11 0.252723 0.873072 0.183197 0.253856
11 0.503983 0.144194 0.021986 0.031358
11 0.508717 0.975773 0.165370 0.048454
10 0.977263 0.667692 0.045474 0.173150
10 0.924462 0.606703 0.047434 0.144401
10 0.966357 0.588919 0.043448 0.129408
9 0.828011 0.523519 0.038785 0.164032
9 0.649117 0.184550 0.011489 0.050835
10 0.860533 0.211674 0.026176 0.047251
10 0.821262 0.209848 0.022132 0.043268
11 0.352036 0.174838 0.028175 0.043506
11 0.364279 0.160605 0.022248 0.034861
11 0.375578 0.148281 0.023536 0.036859
11 0.383014 0.140954 0.020609 0.031974
11 0.392206 0.133848 0.019789 0.031530
11 0.398002 0.124744 0.014215 0.022037
11 0.427392 0.118638 0.014051 0.025091
11 0.424348 0.124079 0.014754 0.024869
11 0.421596 0.129852 0.014403 0.025757
11 0.417439 0.135958 0.015925 0.025979
11 0.412229 0.144618 0.017915 0.031308
11 0.402861 0.153166 0.021662 0.040412
11 0.393641 0.167038 0.025869 0.040148
11 0.430148 0.164760 0.025226 0.039433
11 0.436116 0.152722 0.020726 0.035971
11 0.440292 0.144235 0.022131 0.033751
10 0.169324 0.202104 0.014572 0.043630
11 0.452287 0.122274 0.014543 0.025202
11 0.486815 0.110314 0.011736 0.020881
11 0.504963 0.104888 0.012243 0.021294
11 0.448509 0.126431 0.015249 0.029212
11 0.436248 0.110795 0.012026 0.019370
11 0.414913 0.109833 0.012968 0.020744
11 0.445112 0.134043 0.016949 0.026312
11 0.520506 0.126882 0.017213 0.024314
11 0.489901 0.124301 0.018354 0.027811
11 0.403573 0.121813 0.012031 0.019131
11 0.408711 0.117639 0.013876 0.021483
